RANGE
4265.95
NUMBER     CAPACITY      CAPACITY      beta      flight              sl              F
5     200                20                3.1125               30            2400              30


CUSTOMER
CUST NO.  XCOORD.   YCOORD.    DEMAND   READY TIME  DUE DATE   SERVICE   TIME   TL (°C)   TU (°C)   HL (%)   HU (%)   LAUNCH TIME
   0      40         50             0           0        3390          0           -4         15         80         100       
   1      52         75            10           0        3272         90           11         13         85          90       
   2      45         70            30           0        3279         90           10         12         85          95       
   3      62         69            10           0        3270         90            8         10         85          95       
   4      60         66            10        1261        1421         90           10         10         85          95       
   5      42         65            10           0        3284         90           10         12         85          95       
   6      16         42            20           0        3274         90            0          0         90          95       
   7      58         70            20           0        3273         90            2          5         85          90       
   8      34         60            20        2887        3047         90            0          2         90          95       
   9      28         70            10        2601        2761         90           -2          1         90          95       
  10      35         66            10           0        3283         90            4          6         90          95       
  11      35         69            10        2698        2858         90            4          9         85          90       
  12      25         85            20           0        3261         90            0          3         85          91       
  13      22         75            30        2405        2565         90            4          5         85          95       
  14      22         85            10           0        3260         90           11         13         85          90       
  15      20         80            40        2216        2376         90           -1          7         80          85       
  16      20         85            40           0        3259         90           10         10         85          95       
  17      18         75            20           0        3266         90            0          1         90          95       
  18      15         75            20           0        3264         90           10         12         85          95       
  19      15         80            10           0        3260         90           -1          0         85          90       
  20      30         50            10           0        3290         90            1          1         95          96       
  21      30         56            20           0        3288         90           10         12         85          95       
  22      28         52            20           0        3287         90            5          5         85          90       
  23      14         66            10        1643        1803         90            7         10         85          95       
  24      25         50            10           0        3285         90            0          3         85          91       
  25      22         66            40        2504        2664         90            0          1         90          95       
  26       8         62            10           0        3265         90           -1          0         90          90       
  27      23         52            10           0        3282         90            2          4         85          95       
  28       4         55            20           0        3263         90            0          1         80          85       
  29      20         50            10           0        3280         90           10         12         85          95       
  30      20         55            10           0        3279         90            1          5         85          91       
  31      10         35            20           0        3266         90           -1          0         90          90       
  32      10         40            30           0        3268         90            8         10         85          95       
  33       8         40            40           0        3266         90           10         12         85          95       
  34       8         45            20           0        3267         90           -4          1         85          90       
  35       5         35            10           0        3261         90            2          4         85          95       
  36       5         45            10           0        3264         90            0          1         80          85       
  37       2         40            20           0        3260         90            3          5         85          90       
  38       0         40            30        1063        1223         90            4          5         85          95       
  39       0         45            20           0        3259         90            4          9         85          90       
  40      36         18            10           0        3267         90           10         10         85          95       
  41      35         32            10           0        3281         90           10         10         85          95       
  42      33         32            20           0        3280         90            0          0         90          95       
  43      33         35            10           0        3283         90           -1          0         85          90       
  44      32         20            10        1913        2073         90           -1          0         90          95       
  45      30         30            10           0        3277         90           -4          1         85          90       
  46      34         25            30           0        3274         90           13         15         85          95       
  47      30         35            10           0        3281         90            1          1         95          96       
  48      36         40            10           0        3289         90            5          5         90          90       
  49      48         20            10           0        3268         90           -1          0         90          95       
  50      26         32            10           0        3277         90           13         15         85          95       
  51      25         30            10           0        3275         90            1          5         85          91       
  52      25         35            10           0        3278         90           13         14         90          95       
  53      44          5            20        1256        1416         90            3          5         85          90       
  54      42         10            40           0        3259         90            4          9         85          90       
  55      42         15            10        1065        1225         90            0          3         85          91       
  56      40          5            30           0        3255         90           -1          0         90          90       
  57      38         15            40           0        3264         90            0          0         95         100       
  58      38          5            30        1442        1602         90           13         14         90          95       
  59      38         10            10           0        3259         90           13         15         85          95       
  60      35          5            20           0        3254         90           -1          7         80          85       
  61      50         30            10           0        3277         90           -1          0         85          90       
  62      50         35            20         120         280         90            4          5         85          95       
  63      50         40            50           0        3285         90            3          5         85          90       
  64      48         30            10           0        3278         90           11         13         85          90       
  65      44         25            10           0        3274         90            0          1         90          95       
  66      47         35            10           0        3283         90           13         14         90          95       
  67      47         40            10          12         172         90            2          4         85          95       
  68      42         30            10           0        3279         90            0          2         90          95       
  69      45         35            10         680         840         90            4          5         85          95       
  70      95         30            30           0        3241         90           -4          1         85          90       
  71      95         35            20           0        3242         90            0          2         85          90       
  72      53         30            10           0        3276         90            4          5         85          95       
  73      92         30            10           0        3244         90           13         14         90          95       
  74      53         35            50         213         373         90            0          0         90          95       
  75      45         65            20           0        3284         90            4          6         90          95       
  76      90         35            10        2131        2291         90           10         10         85          95       
  77      72         45            10        2900        3060         90            0          2         90          95       
  78      78         40            20           0        3260         90           11         13         85          90       
  79      87         30            10        2608        2768         90            0          0         95         100       
  80      85         25            10           0        3248         90           13         15         85          95       
  81      85         35            30           0        3252         90           11         13         85          90       
  82      75         55            20           0        3264         90            0          2         85          90       
  83      72         55            10           0        3267         90           11         13         85          90       
  84      70         58            20        1641        1801         90           -1          0         90          90       
  85      86         46            30           0        3253         90           10         10         85          95       
  86      66         55            10           0        3273         90           13         14         90          95       
  87      64         46            20        3097        3257         90           13         15         85          95       
  88      65         60            30           0        3273         90            5          5         90          90       
  89      56         64            10           0        3278         90           -1          7         80          85       
  90      60         55            10           0        3279         90            2          4         85          95       
  91      60         60            10           0        3277         90            0          0         95         100       
  92      67         85            20         694         854         90           -1          0         90          95       
  93      42         58            40           0        3291         90            2          4         85          95       
  94      65         82            10           0        3259         90            0          1         80          85       
  95      62         80            30           0        3262         90           10         12         85          95       
  96      62         40            10           0        3275         90           -1          0         90          90       
  97      60         85            30           0        3259         90            1          5         85          91       
  98      58         75            20           0        3269         90            1          5         85          91       
  99      55         80            10         407         567         90            2          4         85          95       
 100      55         85            20         502         662         90            5          5         90          90       
