RANGE
4265.95
NUMBER     CAPACITY      CAPACITY      beta      flight              sl              F
5     200                20                3.1125               30            2400              30


CUSTOMER
CUST NO.  XCOORD.   YCOORD.    DEMAND   READY TIME  DUE DATE   SERVICE   TIME   TL (°C)   TU (°C)   HL (%)   HU (%)   LAUNCH TIME
   0      40         50             0           0        3390          0           -4         15         80         100       
   1      52         75            10         302         479         90            5          5         90          90       
   2      45         70            30         157         428         90            5          5         85          90       
   3      62         69            10        1138        1355         90            5          5         85          90       
   4      60         66            10        1247        1434         90            0          2         90          95       
   5      42         65            10          15         208         90            0          1         80          85       
   6      16         42            20         209         944         90            7         10         85          95       
   7      58         70            20        1059        1246         90           13         15         85          95       
   8      34         60            20        2035        3288         90           10         10         85          95       
   9      28         70            10        2090        3271         90            0          1         90          95       
  10      35         66            10        2311        3283         90            0          0         90          95       
  11      35         69            10        2428        3127         90            0          0         95         100       
  12      25         85            20        1772        2625         90           -4          1         85          90       
  13      22         75            30        2135        2834         90           -1          0         90          90       
  14      22         85            10        1586        2625         90            5          5         85          90       
  15      20         80            40        1858        2733         90            1          5         85          91       
  16      20         85            40        1512        2515         90            7         10         85          95       
  17      18         75            20        1895        2886         90           -1          0         90          95       
  18      15         75            20        1299        2344         90            3          5         85          90       
  19      15         80            10        1461        2372         90            0          3         85          91       
  20      30         50            10          10         963         90           -1          7         80          85       
  21      30         56            20        2062        3288         90            1          5         85          91       
  22      28         52            20          12         752         90           13         15         85          95       
  23      14         66            10        1316        2129         90           10         12         85          95       
  24      25         50            10          15         532         90            1          5         85          91       
  25      22         66            40        2177        2990         90           -4          1         85          90       
  26       8         62            10        1036        2213         90            3          5         85          90       
  27      23         52            10          17         602         90           -1          0         90          95       
  28       4         55            20        1010        2043         90            0          0         90          95       
  29      20         50            10          20         948         90           10         10         85          95       
  30      20         55            10          63         702         90           -1          7         80          85       
  31      10         35            20         309        1412         90            0          1         80          85       
  32      10         40            30         336        1009         90           10         10         85          95       
  33       8         40            40         234        1295         90           -4          1         85          90       
  34       8         45            20         954        1897         90           -2          1         90          95       
  35       5         35            10         377        1534         90            0          0         95         100       
  36       5         45            10         819        1846         90            0          0         95         100       
  37       2         40            20         494        1607         90            2          5         85          90       
  38       0         40            30         637        1648         90            5          5         85          90       
  39       0         45            20         834        1641         90            5          5         90          90       
  40      36         18            10        1468        2329         90           -1          0         90          95       
  41      35         32            10        2480        3195         90            3          5         85          90       
  42      33         32            20        2421        3070         90            1          1         95          96       
  43      33         35            10        2368        2937         90           13         15         85          95       
  44      32         20            10        1621        2364         90            1          1         95          96       
  45      30         30            10        1805        2564         90           13         14         90          95       
  46      34         25            30        1782        2395         90            0          2         85          90       
  47      30         35            10        2242        2877         90            3          5         85          90       
  48      36         40            10        2605        3266         90           -4          1         85          90       
  49      48         20            10         812        1281         90            5          5         85          90       
  50      26         32            10        1842        2901         90           -1          0         90          95       
  51      25         30            10        1883        2676         90            0          1         90          95       
  52      25         35            10        2070        2859         90            0          2         85          90       
  53      44          5            20        1078        1593         90            4          9         85          90       
  54      42         10            40         998        1481         90           -1          0         90          90       
  55      42         15            10         897        1392         90           -1          0         90          90       
  56      40          5            30        1083        1776         90           -1          0         90          95       
  57      38         15            40        1426        2183         90            0          1         90          95       
  58      38          5            30        1133        1910         90            5          5         90          90       
  59      38         10            10        1392        2027         90           13         14         90          95       
  60      35          5            20        1180        2049         90            0          1         90          95       
  61      50         30            10         223         738         90            1          5         85          91       
  62      50         35            20          18         474         90           -1          0         85          90       
  63      50         40            50          14         360         90            4          9         85          90       
  64      48         30            10         246         899         90            0          2         85          90       
  65      44         25            10         704        1197         90            3          5         85          90       
  66      47         35            10         393         942         90           11         13         85          90       
  67      47         40            10          12         424         90           -2          1         90          95       
  68      42         30            10         641        1070         90           13         14         90          95       
  69      45         35            10         534         985         90           13         14         90          95       
  70      95         30            30        2119        2682         90            4          9         85          90       
  71      95         35            20        2192        2419         90           -1          0         85          90       
  72      53         30            10         131         644         90           -1          7         80          85       
  73      92         30            10        2169        2818         90           -1          0         90          95       
  74      53         35            50          87         498         90            5          5         85          90       
  75      45         65            20          49         346         90            2          4         85          95       
  76      90         35            10        2106        2315         90            0          0         90          95       
  77      72         45            10        2701        3258         90            4          9         85          90       
  78      78         40            20        2599        3164         90           -1          0         90          95       
  79      87         30            10        2505        2870         90            8         10         85          95       
  80      85         25            10        2369        2816         90            4          5         85          95       
  81      85         35            30        2563        3002         90            1          1         95          96       
  82      75         55            20        1894        2115         90            4          9         85          90       
  83      72         55            10        1751        2072         90            8         10         85          95       
  84      70         58            20        1617        1824         90            0          1         90          95       
  85      86         46            30        1969        2248         90            4          5         85          95       
  86      66         55            10        1710        1921         90            2          5         85          90       
  87      64         46            20        2976        3275         90           -2          1         90          95       
  88      65         60            30        1482        1769         90            0          0         90          95       
  89      56         64            10        1275        1594         90           13         15         85          95       
  90      60         55            10        2789        3279         90            0          1         80          85       
  91      60         60            10        1440        1621         90            3          5         85          90       
  92      67         85            20         646         901         90            1          1         95          96       
  93      42         58            40           8         258         90            5          5         85          90       
  94      65         82            10         708        1027         90            0          0         95         100       
  95      62         80            30         852        1069         90           13         14         90          95       
  96      62         40            10        2713        3275         90           -1          7         80          85       
  97      60         85            30         537         816         90           -1          0         90          90       
  98      58         75            20         948        1167         90            5          5         85          90       
  99      55         80            10         379         594         90            3          5         85          90       
 100      55         85            20         477         686         90            0          1         80          85       
