RANGE
4265.95
NUMBER     CAPACITY      CAPACITY      beta      flight              sl              F
5     200                20                3.1125               30            2400              30


CUSTOMER
CUST NO.  XCOORD.   YCOORD.    DEMAND   READY TIME  DUE DATE   SERVICE   TIME   TL (°C)   TU (°C)   HL (%)   HU (%)   LAUNCH TIME
   0      40         50             0           0        3390          0           -4         15         80         100       
   1      52         75            10          71         711         90            5          5         85          90       
   2      45         70            30          20         660         90            0          1         90          95       
   3      62         69            10         927        1567         90            2          4         85          95       
   4      60         66            10        1021        1661         90            4          9         85          90       
   5      42         65            10          15         655         90           -4          1         85          90       
   6      16         42            20         257         897         90           -1          0         90          90       
   7      58         70            20         833        1473         90            2          4         85          95       
   8      34         60            20        2647        3287         90            3          5         85          90       
   9      28         70            10        2361        3001         90           10         12         85          95       
  10      35         66            10        2551        3191         90            5          5         90          90       
  11      35         69            10        2458        3098         90            4          6         90          95       
  12      25         85            20        1879        2519         90           -4          1         85          90       
  13      22         75            30        2165        2805         90           -2          1         90          95       
  14      22         85            10        1786        2426         90            0          0         90          95       
  15      20         80            40        1976        2616         90            5          5         90          90       
  16      20         85            40        1694        2334         90            0          0         90          95       
  17      18         75            20        2071        2711         90            3          5         85          90       
  18      15         75            20        1502        2142         90           -4          1         85          90       
  19      15         80            10        1597        2237         90           -1          0         85          90       
  20      30         50            10          10         650         90            0          1         80          85       
  21      30         56            20        2648        3288         90            0          0         95         100       
  22      28         52            20          12         652         90            0          0         90          95       
  23      14         66            10        1403        2043         90           11         13         85          90       
  24      25         50            10          15         655         90            0          2         90          95       
  25      22         66            40        2264        2904         90            4          6         90          95       
  26       8         62            10        1305        1945         90           11         13         85          90       
  27      23         52            10          17         657         90            1          1         95          96       
  28       4         55            20        1207        1847         90           10         10         85          95       
  29      20         50            10         158         798         90           13         15         85          95       
  30      20         55            10          63         703         90            1          1         95          96       
  31      10         35            20         541        1181         90           10         10         85          95       
  32      10         40            30         353         993         90            0          2         90          95       
  33       8         40            40         445        1085         90            4          6         90          95       
  34       8         45            20        1106        1746         90            5          5         90          90       
  35       5         35            10         636        1276         90           -2          1         90          95       
  36       5         45            10        1013        1653         90           -1          0         85          90       
  37       2         40            20         731        1371         90            0          0         90          95       
  38       0         40            30         823        1463         90            0          2         85          90       
  39       0         45            20         918        1558         90           13         15         85          95       
  40      36         18            10        1579        2219         90           -1          0         85          90       
  41      35         32            10        2518        3158         90           13         15         85          95       
  42      33         32            20        2426        3066         90            4          9         85          90       
  43      33         35            10        2333        2973         90           -2          1         90          95       
  44      32         20            10        1673        2313         90            2          5         85          90       
  45      30         30            10        1865        2505         90           -1          0         90          95       
  46      34         25            30        1769        2409         90           -1          0         85          90       
  47      30         35            10        2240        2880         90           13         15         85          95       
  48      36         40            10        2616        3256         90            0          0         95         100       
  49      48         20            10         727        1367         90           -1          0         90          90       
  50      26         32            10        2052        2692         90            4          9         85          90       
  51      25         30            10        1960        2600         90           -1          0         90          95       
  52      25         35            10        2145        2785         90            5          5         90          90       
  53      44          5            20        1016        1656         90            0          2         90          95       
  54      42         10            40         920        1560         90           -4          1         85          90       
  55      42         15            10         825        1465         90           -1          0         85          90       
  56      40          5            30        1110        1750         90           -1          7         80          85       
  57      38         15            40        1485        2125         90            5          5         85          90       
  58      38          5            30        1202        1842         90            4          9         85          90       
  59      38         10            10        1390        2030         90            0          1         80          85       
  60      35          5            20        1295        1935         90            5          5         85          90       
  61      50         30            10         161         801         90           10         12         85          95       
  62      50         35            20          18         658         90           -1          7         80          85       
  63      50         40            50          14         654         90            4          5         85          95       
  64      48         30            10         253         893         90            1          5         85          91       
  65      44         25            10         631        1271         90            2          5         85          90       
  66      47         35            10         348         988         90            2          5         85          90       
  67      47         40            10          12         652         90           -1          0         85          90       
  68      42         30            10         536        1176         90            0          1         90          95       
  69      45         35            10         440        1080         90            5          5         85          90       
  70      95         30            30        2081        2721         90           -4          1         85          90       
  71      95         35            20        1986        2626         90            0          1         90          95       
  72      53         30            10          68         708         90            5          5         90          90       
  73      92         30            10        2174        2814         90            0          0         95         100       
  74      53         35            50          19         659         90            4          5         85          95       
  75      45         65            20          15         655         90            0          0         90          95       
  76      90         35            10        1891        2531         90            4          6         90          95       
  77      72         45            10        2627        3267         90           10         10         85          95       
  78      78         40            20        2562        3202         90            7         10         85          95       
  79      87         30            10        2368        3008         90            4          5         85          95       
  80      85         25            10        2273        2913         90            0          1         90          95       
  81      85         35            30        2463        3103         90           -1          0         90          95       
  82      75         55            20        1685        2325         90            2          5         85          90       
  83      72         55            10        1592        2232         90           -2          1         90          95       
  84      70         58            20        1401        2041         90           -1          0         90          95       
  85      86         46            30        1789        2429         90           -1          0         90          90       
  86      66         55            10        1496        2136         90            0          2         85          90       
  87      64         46            20        2635        3275         90            7         10         85          95       
  88      65         60            30        1306        1946         90            0          0         95         100       
  89      56         64            10        1115        1755         90            5          5         90          90       
  90      60         55            10        2639        3279         90           11         13         85          90       
  91      60         60            10        1211        1851         90            5          5         90          90       
  92      67         85            20         454        1094         90            0          0         90          95       
  93      42         58            40           8         648         90            1          5         85          91       
  94      65         82            10         548        1188         90           -1          0         90          95       
  95      62         80            30         641        1281         90            4          6         90          95       
  96      62         40            10        2635        3275         90            0          0         95         100       
  97      60         85            30         357         997         90           -1          0         85          90       
  98      58         75            20         738        1378         90            0          3         85          91       
  99      55         80            10         167         807         90            3          5         85          90       
 100      55         85            20         262         902         90            4          5         85          95       
