RANGE
4265.95
NUMBER     CAPACITY      CAPACITY      beta      flight              sl              F
5     200                20                3.1125               30            2400              30


CUSTOMER
CUST NO.  XCOORD.   YCOORD.    DEMAND   READY TIME  DUE DATE   SERVICE   TIME   TL (°C)   TU (°C)   HL (%)   HU (%)   LAUNCH TIME
   0      40         50             0           0        3390          0           -4         15         80         100       
   1      52         75            10           0        3272         90            2          5         85          90       
   2      45         70            30           0        3279         90            0          0         95         100       
   3      62         69            10           0        3270         90           13         15         85          95       
   4      60         66            10        1261        1421         90            0          1         80          85       
   5      42         65            10           0        3284         90            0          3         85          91       
   6      16         42            20         497         657         90            0          1         90          95       
   7      58         70            20           0        3273         90            0          0         95         100       
   8      34         60            20        2887        3047         90            3          5         85          90       
   9      28         70            10        2601        2761         90           13         14         90          95       
  10      35         66            10        2791        2951         90            4          9         85          90       
  11      35         69            10        2698        2858         90            8         10         85          95       
  12      25         85            20           0        3261         90            7         10         85          95       
  13      22         75            30        2405        2565         90            0          2         90          95       
  14      22         85            10        2026        2186         90            4          5         85          95       
  15      20         80            40        2216        2376         90            0          3         85          91       
  16      20         85            40        1934        2094         90            0          0         95         100       
  17      18         75            20        2311        2471         90            7         10         85          95       
  18      15         75            20        1742        1902         90           13         15         85          95       
  19      15         80            10        1837        1997         90           -1          0         85          90       
  20      30         50            10          10         170         90            3          5         85          90       
  21      30         56            20           0        3288         90            4          9         85          90       
  22      28         52            20          22         182         90           13         14         90          95       
  23      14         66            10        1643        1803         90            0          1         80          85       
  24      25         50            10         116         276         90            2          4         85          95       
  25      22         66            40        2504        2664         90            2          5         85          90       
  26       8         62            10           0        3265         90            0          1         80          85       
  27      23         52            10         209         369         90            0          2         90          95       
  28       4         55            20        1447        1607         90           -1          0         90          90       
  29      20         50            10         398         558         90            4          9         85          90       
  30      20         55            10         303         463         90           13         15         85          95       
  31      10         35            20           0        3266         90           -1          7         80          85       
  32      10         40            30         593         753         90           -1          7         80          85       
  33       8         40            40         685         845         90            0          0         95         100       
  34       8         45            20           0        3267         90            4          5         85          95       
  35       5         35            10         876        1036         90            2          5         85          90       
  36       5         45            10        1253        1413         90            1          1         95          96       
  37       2         40            20           0        3260         90            0          2         90          95       
  38       0         40            30        1063        1223         90            1          1         95          96       
  39       0         45            20        1158        1318         90            5          5         85          90       
  40      36         18            10        1819        1979         90            7         10         85          95       
  41      35         32            10        2758        2918         90           13         15         85          95       
  42      33         32            20        2666        2826         90            5          5         90          90       
  43      33         35            10        2573        2733         90            1          5         85          91       
  44      32         20            10        1913        2073         90           10         12         85          95       
  45      30         30            10        2105        2265         90            5          5         85          90       
  46      34         25            30        2009        2169         90            1          5         85          91       
  47      30         35            10        2480        2640         90            0          3         85          91       
  48      36         40            10           0        3289         90            4          5         85          95       
  49      48         20            10         967        1127         90            0          0         90          95       
  50      26         32            10           0        3277         90           -1          0         90          90       
  51      25         30            10        2200        2360         90            0          2         90          95       
  52      25         35            10           0        3278         90           -1          0         90          90       
  53      44          5            20        1256        1416         90            0          0         95         100       
  54      42         10            40        1160        1320         90            5          5         85          90       
  55      42         15            10        1065        1225         90            0          2         90          95       
  56      40          5            30        1350        1510         90           13         15         85          95       
  57      38         15            40        1725        1885         90           10         10         85          95       
  58      38          5            30        1442        1602         90            3          5         85          90       
  59      38         10            10           0        3259         90           13         15         85          95       
  60      35          5            20        1535        1695         90           -1          0         90          90       
  61      50         30            10         401         561         90           11         13         85          90       
  62      50         35            20         120         280         90           -2          1         90          95       
  63      50         40            50          25         185         90            0          3         85          91       
  64      48         30            10         493         653         90            3          5         85          90       
  65      44         25            10         871        1031         90            2          5         85          90       
  66      47         35            10         588         748         90           13         14         90          95       
  67      47         40            10          12         172         90            7         10         85          95       
  68      42         30            10         776         936         90            0          1         80          85       
  69      45         35            10         680         840         90            5          5         85          90       
  70      95         30            30        2321        2481         90           -1          0         85          90       
  71      95         35            20        2226        2386         90           -1          7         80          85       
  72      53         30            10           0        3276         90           10         12         85          95       
  73      92         30            10        2414        2574         90           -2          1         90          95       
  74      53         35            50         213         373         90            0          2         90          95       
  75      45         65            20           0        3284         90           11         13         85          90       
  76      90         35            10        2131        2291         90           13         14         90          95       
  77      72         45            10        2900        3060         90            5          5         90          90       
  78      78         40            20        2802        2962         90            0          1         90          95       
  79      87         30            10        2608        2768         90           11         13         85          90       
  80      85         25            10        2513        2673         90            3          5         85          90       
  81      85         35            30        2703        2863         90            0          2         85          90       
  82      75         55            20           0        3264         90            1          1         95          96       
  83      72         55            10           0        3267         90            0          0         90          95       
  84      70         58            20        1641        1801         90            0          0         95         100       
  85      86         46            30           0        3253         90            8         10         85          95       
  86      66         55            10        1736        1896         90           -1          0         90          90       
  87      64         46            20        3097        3257         90            0          0         95         100       
  88      65         60            30        1546        1706         90            4          6         90          95       
  89      56         64            10        1355        1515         90           10         12         85          95       
  90      60         55            10        3119        3279         90            0          1         90          95       
  91      60         60            10           0        3277         90            0          0         95         100       
  92      67         85            20         694         854         90            4          5         85          95       
  93      42         58            40           8         168         90           -1          0         90          95       
  94      65         82            10           0        3259         90            0          1         90          95       
  95      62         80            30           0        3262         90            0          3         85          91       
  96      62         40            10           0        3275         90            3          5         85          90       
  97      60         85            30         597         757         90            7         10         85          95       
  98      58         75            20           0        3269         90            2          5         85          90       
  99      55         80            10         407         567         90            2          5         85          90       
 100      55         85            20         502         662         90           13         15         85          95       
