RANGE
4265.95
NUMBER     CAPACITY      CAPACITY      beta      flight              sl              F
5     200                20                3.1125               30            2400              30


CUSTOMER
CUST NO.  XCOORD.   YCOORD.    DEMAND   READY TIME  DUE DATE   SERVICE   TIME   TL (°C)   TU (°C)   HL (%)   HU (%)   LAUNCH TIME
   0      40         50             0           0        3390          0           -4         15         80         100       
   1      52         75            10         213         568         90            0          1         80          85       
   2      45         70            30          22         563         90            8         10         85          95       
   3      62         69            10        1030        1463         90           13         15         85          95       
   4      60         66            10        1154        1527         90            5          5         90          90       
   5      42         65            10          15         402         90           -2          1         90          95       
   6      16         42            20         331         822         90            0          3         85          91       
   7      58         70            20         965        1340         90           -1          0         90          90       
   8      34         60            20        2653        3280         90           -1          0         85          90       
   9      28         70            10        2385        2976         90            0          3         85          91       
  10      35         66            10        2628        3113         90            0          0         90          95       
  11      35         69            10        2603        2952         90            0          0         95         100       
  12      25         85            20        1985        2412         90            0          1         90          95       
  13      22         75            30        2310        2659         90            0          0         90          95       
  14      22         85            10        1846        2365         90            7         10         85          95       
  15      20         80            40        2077        2514         90            4          5         85          95       
  16      20         85            40        1763        2264         90           -1          0         85          90       
  17      18         75            20        2143        2638         90            5          5         85          90       
  18      15         75            20        1560        2083         90            5          5         90          90       
  19      15         80            10        1689        2144         90            1          1         95          96       
  20      30         50            10          10         645         90            4          9         85          90       
  21      30         56            20        2675        3288         90           -1          0         85          90       
  22      28         52            20          12         505         90           -1          0         90          90       
  23      14         66            10        1519        1926         90            3          5         85          90       
  24      25         50            10          23         368         90            1          5         85          91       
  25      22         66            40        2380        2787         90           -4          1         85          90       
  26       8         62            10        1330        1919         90            5          5         85          90       
  27      23         52            10          93         484         90            4          9         85          90       
  28       4         55            20        1268        1785         90            1          5         85          91       
  29      20         50            10         168         787         90           13         14         90          95       
  30      20         55            10         170         595         90            1          5         85          91       
  31      10         35            20         585        1136         90            2          5         85          90       
  32      10         40            30         448         897         90            4          6         90          95       
  33       8         40            40         499        1030         90            2          5         85          90       
  34       8         45            20        1190        1661         90           -2          1         90          95       
  35       5         35            10         666        1245         90           -2          1         90          95       
  36       5         45            10        1076        1589         90            0          1         80          85       
  37       2         40            20         772        1329         90            3          5         85          90       
  38       0         40            30         890        1395         90           -1          0         85          90       
  39       0         45            20        1036        1439         90           -1          0         90          90       
  40      36         18            10        1612        2185         90           -1          0         90          90       
  41      35         32            10        2599        3076         90            5          5         85          90       
  42      33         32            20        2529        2962         90           -1          0         90          90       
  43      33         35            10        2463        2842         90            5          5         85          90       
  44      32         20            10        1745        2240         90           -2          1         90          95       
  45      30         30            10        1932        2437         90           11         13         85          90       
  46      34         25            30        1884        2293         90            8         10         85          95       
  47      30         35            10        2348        2771         90           10         12         85          95       
  48      36         40            10        2715        3156         90            0          2         90          95       
  49      48         20            10         812        1281         90            4          5         85          95       
  50      26         32            10        2018        2725         90            0          2         90          95       
  51      25         30            10        2015        2544         90            5          5         90          90       
  52      25         35            10        2201        2728         90           13         15         85          95       
  53      44          5            20        1078        1593         90           -1          0         85          90       
  54      42         10            40         998        1481         90            2          5         85          90       
  55      42         15            10         897        1392         90           -4          1         85          90       
  56      40          5            30        1199        1660         90            2          5         85          90       
  57      38         15            40        1552        2057         90            0          2         85          90       
  58      38          5            30        1263        1780         90            1          1         95          96       
  59      38         10            10        1498        1921         90           -2          1         90          95       
  60      35          5            20        1325        1904         90           -2          1         90          95       
  61      50         30            10         223         738         90           11         13         85          90       
  62      50         35            20          18         474         90           13         15         85          95       
  63      50         40            50          14         360         90           -1          0         90          90       
  64      48         30            10         246         899         90           -4          1         85          90       
  65      44         25            10         704        1197         90            5          5         85          90       
  66      47         35            10         393         942         90            8         10         85          95       
  67      47         40            10          12         424         90           13         14         90          95       
  68      42         30            10         641        1070         90            4          6         90          95       
  69      45         35            10         534         985         90            8         10         85          95       
  70      95         30            30        2119        2682         90           13         15         85          95       
  71      95         35            20        2079        2532         90           -1          7         80          85       
  72      53         30            10         131         644         90            4          5         85          95       
  73      92         30            10        2169        2818         90            0          1         80          85       
  74      53         35            50          87         498         90            1          5         85          91       
  75      45         65            20          15         607         90            0          0         90          95       
  76      90         35            10        2002        2419         90            0          1         90          95       
  77      72         45            10        2701        3258         90            0          1         80          85       
  78      78         40            20        2599        3164         90           10         10         85          95       
  79      87         30            10        2505        2870         90            0          3         85          91       
  80      85         25            10        2369        2816         90           -2          1         90          95       
  81      85         35            30        2563        3002         90           -1          0         85          90       
  82      75         55            20        1783        2226         90            5          5         85          90       
  83      72         55            10        1591        2232         90            3          5         85          90       
  84      70         58            20        1513        1928         90           -1          0         90          90       
  85      86         46            30        1829        2388         90            2          4         85          95       
  86      66         55            10        1604        2027         90           -1          0         85          90       
  87      64         46            20        2976        3275         90            2          5         85          90       
  88      65         60            30        1338        1913         90            0          0         95         100       
  89      56         64            10        1116        1753         90            4          5         85          95       
  90      60         55            10        2789        3279         90            4          5         85          95       
  91      60         60            10        1349        1712         90           -1          0         90          90       
  92      67         85            20         518        1029         90            2          4         85          95       
  93      42         58            40           8         509         90            4          9         85          90       
  94      65         82            10         549        1186         90            1          1         95          96       
  95      62         80            30         744        1177         90            2          5         85          90       
  96      62         40            10        2713        3275         90            3          5         85          90       
  97      60         85            30         397         956         90            3          5         85          90       
  98      58         75            20         839        1276         90            5          5         85          90       
  99      55         80            10         272         701         90            0          1         80          85       
 100      55         85            20         373         790         90            4          6         90          95       
