RANGE
4265.9
NUMBER     CAPACITY      CAPACITY      beta      flight              sl              F
    30        200                20         3.1125          30            2400.0      30.0


CUSTOMER
CUST NO. XCOORD. YCOORD. DEMAND READY TIME DUE DATE SERVICE TIME TL (°C) TU (°C) HL (%) HU (%)
       0      40.0       50.0       0.0          0.0    1236.0        0.0     -4.0     15.0     80.0    100.0
       1      42.0       65.0      10.0         15.0     120.0       90.0      0.0      2.0     90.0     95.0
       2      40.0       66.0      20.0        142.0     253.0       90.0     -1.0      0.0     90.0     90.0
       3      38.0       70.0      10.0        499.0     640.0       90.0     -1.0      0.0     85.0     90.0
       4      20.0       80.0      40.0        362.0     451.0       90.0      7.0     10.0     85.0     95.0
       5      25.0       52.0      40.0        142.0     251.0       90.0      0.0      2.0     85.0     90.0
       6      25.0       55.0      10.0        582.0     741.0       90.0      7.0     10.0     85.0     95.0
       7       0.0       40.0      30.0        457.0     544.0       90.0      0.0      0.0     95.0    100.0
       8       0.0       45.0      20.0        538.0     653.0       90.0     13.0     15.0     85.0     95.0
       9      35.0       32.0      10.0        132.0     269.0       90.0     -1.0      0.0     90.0     95.0
      10      33.0       35.0      10.0         16.0     144.0       90.0     -4.0      1.0     85.0     90.0
      11      30.0       30.0      10.0        512.0     629.0       90.0      4.0      6.0     90.0     95.0
      12      30.0       32.0      30.0        417.0     540.0       90.0      0.0      1.0     80.0     85.0
      13      30.0       35.0      10.0        982.0    1127.0       90.0     10.0     12.0     85.0     95.0
      14      28.0       30.0      10.0        601.0     724.0       90.0      1.0      1.0     95.0     96.0
      15      26.0       32.0      10.0        783.0     912.0       90.0      0.0      2.0     85.0     90.0
      16      25.0       30.0      10.0        695.0     816.0       90.0      4.0      9.0     85.0     90.0
      17      42.0       10.0      40.0        150.0     293.0       90.0     -1.0      7.0     80.0     85.0
      18      38.0       15.0      10.0        607.0     784.0       90.0      0.0      0.0     95.0    100.0
      19      35.0        5.0      20.0        529.0     662.0       90.0      5.0      5.0     85.0     90.0
      20      50.0       30.0      10.0        491.0     650.0       90.0      3.0      5.0     85.0     90.0
      21      48.0       30.0      10.0        601.0     724.0       90.0      2.0      4.0     85.0     95.0
      22      48.0       40.0      10.0         50.0     155.0       90.0     -1.0      0.0     90.0     95.0
      23      47.0       35.0      10.0        802.0     899.0       90.0      8.0     10.0     85.0     95.0
      24      45.0       35.0      10.0        889.0     996.0       90.0      4.0      9.0     85.0     90.0
      25      53.0       35.0      50.0        323.0     442.0       90.0      8.0     10.0     85.0     95.0
      26      65.0       60.0      30.0        614.0     739.0       90.0     -1.0      0.0     90.0     95.0
      27      67.0       85.0      20.0        331.0     478.0       90.0      4.0      5.0     85.0     95.0
      28      65.0       85.0      40.0        453.0     540.0       90.0      0.0      3.0     85.0     91.0
      29      60.0       80.0      10.0         64.0     187.0       90.0     -4.0      1.0     85.0     90.0
      30      55.0       80.0      10.0        705.0     858.0       90.0      5.0      5.0     85.0     90.0
      31      40.0       50.0       0.0          0.0    1236.0        0.0     -4.0     15.0     80.0    100.0
