RANGE
4265.9
NUMBER     CAPACITY      CAPACITY      beta      flight              sl              F
    30        200                20         3.1125          30            2400.0      30.0


CUSTOMER
CUST NO. XCOORD. YCOORD. DEMAND READY TIME DUE DATE SERVICE TIME TL (°„C) TU (°„C) HL (%) HU (%)
       0      40.0       50.0       0.0          0.0    3390.0        0.0     -4.0     15.0     80.0    100.0
       1      60.0       66.0      10.0       1021.0    1661.0       90.0      4.0      9.0     85.0     90.0
       2      16.0       42.0      20.0        257.0     897.0       90.0     -1.0      0.0     90.0     90.0
       3      35.0       66.0      10.0       2551.0    3191.0       90.0      5.0      5.0     90.0     90.0
       4      35.0       69.0      10.0       2458.0    3098.0       90.0      4.0      6.0     90.0     95.0
       5      22.0       85.0      10.0       1786.0    2426.0       90.0      0.0      0.0     90.0     95.0
       6      20.0       85.0      40.0       1694.0    2334.0       90.0      0.0      0.0     90.0     95.0
       7      18.0       75.0      20.0       2071.0    2711.0       90.0      3.0      5.0     85.0     90.0
       8      25.0       50.0      10.0         15.0     655.0       90.0      0.0      2.0     90.0     95.0
       9       4.0       55.0      20.0       1207.0    1847.0       90.0     10.0     10.0     85.0     95.0
      10      20.0       50.0      10.0        158.0     798.0       90.0     13.0     15.0     85.0     95.0
      11       0.0       40.0      30.0        823.0    1463.0       90.0      0.0      2.0     85.0     90.0
      12      32.0       20.0      10.0       1673.0    2313.0       90.0      2.0      5.0     85.0     90.0
      13      48.0       20.0      10.0        727.0    1367.0       90.0     -1.0      0.0     90.0     90.0
      14      44.0        5.0      20.0       1016.0    1656.0       90.0      0.0      2.0     90.0     95.0
      15      42.0       10.0      40.0        920.0    1560.0       90.0     -4.0      1.0     85.0     90.0
      16      38.0       10.0      10.0       1390.0    2030.0       90.0      0.0      1.0     80.0     85.0
      17      35.0        5.0      20.0       1295.0    1935.0       90.0      5.0      5.0     85.0     90.0
      18      50.0       40.0      50.0         14.0     654.0       90.0      4.0      5.0     85.0     95.0
      19      47.0       40.0      10.0         12.0     652.0       90.0     -1.0      0.0     85.0     90.0
      20      45.0       65.0      20.0         15.0     655.0       90.0      0.0      0.0     90.0     95.0
      21      78.0       40.0      20.0       2562.0    3202.0       90.0      7.0     10.0     85.0     95.0
      22      75.0       55.0      20.0       1685.0    2325.0       90.0      2.0      5.0     85.0     90.0
      23      72.0       55.0      10.0       1592.0    2232.0       90.0     -2.0      1.0     90.0     95.0
      24      70.0       58.0      20.0       1401.0    2041.0       90.0     -1.0      0.0     90.0     95.0
      25      56.0       64.0      10.0       1115.0    1755.0       90.0      5.0      5.0     90.0     90.0
      26      60.0       55.0      10.0       2639.0    3279.0       90.0     11.0     13.0     85.0     90.0
      27      60.0       60.0      10.0       1211.0    1851.0       90.0      5.0      5.0     90.0     90.0
      28      67.0       85.0      20.0        454.0    1094.0       90.0      0.0      0.0     90.0     95.0
      29      42.0       58.0      40.0          8.0     648.0       90.0      1.0      5.0     85.0     91.0
      30      62.0       80.0      30.0        641.0    1281.0       90.0      4.0      6.0     90.0     95.0
      31      40.0       50.0       0.0          0.0    3390.0        0.0     -4.0     15.0     80.0    100.0
