RANGE
4265.9
NUMBER     CAPACITY      CAPACITY      beta      flight              sl              F
    30        200                20         3.1125          30            2400.0      30.0


CUSTOMER
CUST NO. XCOORD. YCOORD. DEMAND READY TIME DUE DATE SERVICE TIME TL (°„C) TU (°„C) HL (%) HU (%)
       0      35.0       35.0       0.0          0.0    1000.0        0.0     -4.0     15.0     80.0    100.0
       1      15.0       30.0      26.0          0.0     969.0       10.0      2.0      5.0     85.0     90.0
       2      30.0       60.0      16.0        577.0     632.0       10.0      2.0      4.0     85.0     95.0
       3      30.0        5.0       8.0        175.0     300.0       10.0      0.0      1.0     80.0     85.0
       4      10.0       20.0      19.0          0.0     960.0       10.0      3.0      5.0     85.0     90.0
       5      20.0       40.0      12.0          0.0     974.0       10.0      0.0      0.0     90.0     95.0
       6      45.0       65.0       9.0          0.0     958.0       10.0      0.0      2.0     85.0     90.0
       7      45.0       20.0      11.0          0.0     971.0       10.0      4.0      6.0     90.0     95.0
       8      65.0       35.0       3.0          0.0     960.0       10.0      0.0      2.0     90.0     95.0
       9      65.0       20.0       6.0        817.0     956.0       10.0     -2.0      1.0     90.0     95.0
      10      35.0       69.0      23.0          0.0     956.0       10.0      0.0      1.0     90.0     95.0
      11      53.0       52.0      11.0         45.0     200.0       10.0      1.0      5.0     85.0     91.0
      12       2.0       60.0       5.0         41.0     208.0       10.0     10.0     10.0     85.0     95.0
      13       5.0        5.0      16.0        302.0     405.0       10.0      5.0      5.0     90.0     90.0
      14      40.0       25.0       9.0        360.0     437.0       10.0      8.0     10.0     85.0     95.0
      15      42.0        7.0       5.0        396.0     511.0       10.0      0.0      1.0     90.0     95.0
      16      13.0       52.0      36.0          0.0     962.0       10.0      3.0      5.0     85.0     90.0
      17      63.0       23.0       2.0        620.0     739.0       10.0      3.0      5.0     85.0     90.0
      18      24.0       58.0      19.0        163.0     302.0       10.0     -4.0      1.0     85.0     90.0
      19      37.0       47.0       6.0        162.0     293.0       10.0      0.0      2.0     85.0     90.0
      20      37.0       56.0       5.0        788.0     968.0       10.0      8.0     10.0     85.0     95.0
      21      49.0       11.0      18.0          0.0     962.0       10.0      3.0      5.0     85.0     90.0
      22      49.0       42.0      13.0        290.0     373.0       10.0      0.0      1.0     90.0     95.0
      23      53.0       43.0      14.0        817.0     952.0       10.0     -1.0      7.0     80.0     85.0
      24      56.0       37.0       6.0        839.0     968.0       10.0      7.0     10.0     85.0     95.0
      25      15.0       47.0      16.0          0.0     966.0       10.0     10.0     10.0     85.0     95.0
      26      16.0       22.0      41.0          0.0     966.0       10.0      0.0      0.0     95.0    100.0
      27      22.0       22.0       2.0         18.0     181.0       10.0     -4.0      1.0     85.0     90.0
      28      26.0       27.0      27.0          0.0     977.0       10.0      0.0      0.0     90.0     95.0
      29      25.0       24.0      20.0          0.0     975.0       10.0     13.0     15.0     85.0     95.0
      30      18.0       18.0      17.0        798.0     965.0       10.0     10.0     10.0     85.0     95.0
      31      35.0       35.0       0.0          0.0    1000.0        0.0     -4.0     15.0     80.0    100.0
