RANGE
4265.9
NUMBER     CAPACITY      CAPACITY      beta      flight              sl              F
    30        200                20         3.1125          30            2400.0      30.0


CUSTOMER
CUST NO. XCOORD. YCOORD. DEMAND READY TIME DUE DATE SERVICE TIME TL (°C) TU (°C) HL (%) HU (%)
       0      40.0       50.0       0.0          0.0    3390.0        0.0     -4.0     15.0     80.0    100.0
       1      42.0       65.0      10.0         15.0     655.0       90.0     -4.0      1.0     85.0     90.0
       2      58.0       70.0      20.0        833.0    1473.0       90.0      2.0      4.0     85.0     95.0
       3      34.0       60.0      20.0       2647.0    3287.0       90.0      3.0      5.0     85.0     90.0
       4      28.0       70.0      10.0       2361.0    3001.0       90.0     10.0     12.0     85.0     95.0
       5      35.0       66.0      10.0       2551.0    3191.0       90.0      5.0      5.0     90.0     90.0
       6      25.0       85.0      20.0       1879.0    2519.0       90.0     -4.0      1.0     85.0     90.0
       7      22.0       75.0      30.0       2165.0    2805.0       90.0     -2.0      1.0     90.0     95.0
       8      20.0       85.0      40.0       1694.0    2334.0       90.0      0.0      0.0     90.0     95.0
       9      30.0       50.0      10.0         10.0     650.0       90.0      0.0      1.0     80.0     85.0
      10       4.0       55.0      20.0       1207.0    1847.0       90.0     10.0     10.0     85.0     95.0
      11      20.0       50.0      10.0        158.0     798.0       90.0     13.0     15.0     85.0     95.0
      12      10.0       35.0      20.0        541.0    1181.0       90.0     10.0     10.0     85.0     95.0
      13      33.0       32.0      20.0       2426.0    3066.0       90.0      4.0      9.0     85.0     90.0
      14      30.0       35.0      10.0       2240.0    2880.0       90.0     13.0     15.0     85.0     95.0
      15      25.0       30.0      10.0       1960.0    2600.0       90.0     -1.0      0.0     90.0     95.0
      16      42.0       10.0      40.0        920.0    1560.0       90.0     -4.0      1.0     85.0     90.0
      17      42.0       15.0      10.0        825.0    1465.0       90.0     -1.0      0.0     85.0     90.0
      18      40.0        5.0      30.0       1110.0    1750.0       90.0     -1.0      7.0     80.0     85.0
      19      44.0       25.0      10.0        631.0    1271.0       90.0      2.0      5.0     85.0     90.0
      20      45.0       35.0      10.0        440.0    1080.0       90.0      5.0      5.0     85.0     90.0
      21      95.0       35.0      20.0       1986.0    2626.0       90.0      0.0      1.0     90.0     95.0
      22      92.0       30.0      10.0       2174.0    2814.0       90.0      0.0      0.0     95.0    100.0
      23      45.0       65.0      20.0         15.0     655.0       90.0      0.0      0.0     90.0     95.0
      24      78.0       40.0      20.0       2562.0    3202.0       90.0      7.0     10.0     85.0     95.0
      25      70.0       58.0      20.0       1401.0    2041.0       90.0     -1.0      0.0     90.0     95.0
      26      66.0       55.0      10.0       1496.0    2136.0       90.0      0.0      2.0     85.0     90.0
      27      60.0       55.0      10.0       2639.0    3279.0       90.0     11.0     13.0     85.0     90.0
      28      60.0       60.0      10.0       1211.0    1851.0       90.0      5.0      5.0     90.0     90.0
      29      62.0       40.0      10.0       2635.0    3275.0       90.0      0.0      0.0     95.0    100.0
      30      58.0       75.0      20.0        738.0    1378.0       90.0      0.0      3.0     85.0     91.0
      31      40.0       50.0       0.0          0.0    3390.0        0.0     -4.0     15.0     80.0    100.0
