RANGE
4265.9
NUMBER     CAPACITY      CAPACITY      beta      flight              sl              F
    30        200                20         3.1125          30            2400.0      30.0


CUSTOMER
CUST NO. XCOORD. YCOORD. DEMAND READY TIME DUE DATE SERVICE TIME TL (°C) TU (°C) HL (%) HU (%)
       0      40.0       50.0       0.0          0.0    3390.0        0.0     -4.0     15.0     80.0    100.0
       1      52.0       75.0      10.0        231.0     551.0       90.0     -1.0      0.0     90.0     90.0
       2      16.0       42.0      20.0        417.0     737.0       90.0      0.0      1.0     90.0     95.0
       3      20.0       85.0      40.0       1854.0    2174.0       90.0     13.0     15.0     85.0     95.0
       4      18.0       75.0      20.0       2231.0    2551.0       90.0      0.0      2.0     85.0     90.0
       5      30.0       56.0      20.0       2903.0    3223.0       90.0     -1.0      0.0     90.0     90.0
       6      28.0       52.0      20.0         12.0     332.0       90.0      0.0      1.0     80.0     85.0
       7      25.0       50.0      10.0         36.0     356.0       90.0      0.0      1.0     80.0     85.0
       8      23.0       52.0      10.0        129.0     449.0       90.0      1.0      1.0     95.0     96.0
       9       8.0       45.0      20.0       1266.0    1586.0       90.0     13.0     14.0     90.0     95.0
      10      33.0       32.0      20.0       2586.0    2906.0       90.0      0.0      0.0     95.0    100.0
      11      30.0       35.0      10.0       2400.0    2720.0       90.0      0.0      0.0     95.0    100.0
      12      26.0       32.0      10.0       2212.0    2532.0       90.0     -2.0      1.0     90.0     95.0
      13      25.0       30.0      10.0       2120.0    2440.0       90.0     13.0     14.0     90.0     95.0
      14      25.0       35.0      10.0       2305.0    2625.0       90.0      0.0      2.0     90.0     95.0
      15      44.0        5.0      20.0       1176.0    1496.0       90.0     -1.0      0.0     90.0     90.0
      16      38.0       15.0      40.0       1645.0    1965.0       90.0      2.0      4.0     85.0     95.0
      17      38.0        5.0      30.0       1362.0    1682.0       90.0     11.0     13.0     85.0     90.0
      18      50.0       40.0      50.0         14.0     334.0       90.0      2.0      4.0     85.0     95.0
      19      48.0       30.0      10.0        413.0     733.0       90.0     -1.0      7.0     80.0     85.0
      20      95.0       35.0      20.0       2146.0    2466.0       90.0      2.0      5.0     85.0     90.0
      21      92.0       30.0      10.0       2334.0    2654.0       90.0     13.0     14.0     90.0     95.0
      22      78.0       40.0      20.0       2722.0    3042.0       90.0      1.0      1.0     95.0     96.0
      23      85.0       35.0      30.0       2623.0    2943.0       90.0      0.0      2.0     90.0     95.0
      24      66.0       55.0      10.0       1656.0    1976.0       90.0      0.0      3.0     85.0     91.0
      25      65.0       60.0      30.0       1466.0    1786.0       90.0      3.0      5.0     85.0     90.0
      26      60.0       60.0      10.0       1371.0    1691.0       90.0     11.0     13.0     85.0     90.0
      27      42.0       58.0      40.0          8.0     328.0       90.0     -1.0      0.0     85.0     90.0
      28      65.0       82.0      10.0        708.0    1028.0       90.0      2.0      4.0     85.0     95.0
      29      60.0       85.0      30.0        517.0     837.0       90.0      2.0      5.0     85.0     90.0
      30      55.0       80.0      10.0        327.0     647.0       90.0     11.0     13.0     85.0     90.0
      31      40.0       50.0       0.0          0.0    3390.0        0.0     -4.0     15.0     80.0    100.0
