RANGE
4265.9
NUMBER     CAPACITY      CAPACITY      beta      flight              sl              F
    30        200                20         3.1125          30            2400.0      30.0


CUSTOMER
CUST NO. XCOORD. YCOORD. DEMAND READY TIME DUE DATE SERVICE TIME TL (°C) TU (°C) HL (%) HU (%)
       0      40.0       50.0       0.0          0.0    3390.0        0.0     -4.0     15.0     80.0    100.0
       1      62.0       69.0      10.0          0.0    3270.0       90.0     13.0     15.0     85.0     95.0
       2      28.0       70.0      10.0       2601.0    2761.0       90.0     13.0     14.0     90.0     95.0
       3      35.0       66.0      10.0       2791.0    2951.0       90.0      4.0      9.0     85.0     90.0
       4      35.0       69.0      10.0       2698.0    2858.0       90.0      8.0     10.0     85.0     95.0
       5      22.0       75.0      30.0       2405.0    2565.0       90.0      0.0      2.0     90.0     95.0
       6      28.0       52.0      20.0         22.0     182.0       90.0     13.0     14.0     90.0     95.0
       7      22.0       66.0      40.0       2504.0    2664.0       90.0      2.0      5.0     85.0     90.0
       8       4.0       55.0      20.0       1447.0    1607.0       90.0     -1.0      0.0     90.0     90.0
       9      20.0       50.0      10.0        398.0     558.0       90.0      4.0      9.0     85.0     90.0
      10      20.0       55.0      10.0        303.0     463.0       90.0     13.0     15.0     85.0     95.0
      11       8.0       45.0      20.0          0.0    3267.0       90.0      4.0      5.0     85.0     95.0
      12      36.0       18.0      10.0       1819.0    1979.0       90.0      7.0     10.0     85.0     95.0
      13      34.0       25.0      30.0       2009.0    2169.0       90.0      1.0      5.0     85.0     91.0
      14      25.0       30.0      10.0       2200.0    2360.0       90.0      0.0      2.0     90.0     95.0
      15      42.0       15.0      10.0       1065.0    1225.0       90.0      0.0      2.0     90.0     95.0
      16      38.0       15.0      40.0       1725.0    1885.0       90.0     10.0     10.0     85.0     95.0
      17      50.0       30.0      10.0        401.0     561.0       90.0     11.0     13.0     85.0     90.0
      18      50.0       40.0      50.0         25.0     185.0       90.0      0.0      3.0     85.0     91.0
      19      47.0       35.0      10.0        588.0     748.0       90.0     13.0     14.0     90.0     95.0
      20      45.0       35.0      10.0        680.0     840.0       90.0      5.0      5.0     85.0     90.0
      21      95.0       30.0      30.0       2321.0    2481.0       90.0     -1.0      0.0     85.0     90.0
      22      95.0       35.0      20.0       2226.0    2386.0       90.0     -1.0      7.0     80.0     85.0
      23      53.0       30.0      10.0          0.0    3276.0       90.0     10.0     12.0     85.0     95.0
      24      53.0       35.0      50.0        213.0     373.0       90.0      0.0      2.0     90.0     95.0
      25      90.0       35.0      10.0       2131.0    2291.0       90.0     13.0     14.0     90.0     95.0
      26      78.0       40.0      20.0       2802.0    2962.0       90.0      0.0      1.0     90.0     95.0
      27      70.0       58.0      20.0       1641.0    1801.0       90.0      0.0      0.0     95.0    100.0
      28      56.0       64.0      10.0       1355.0    1515.0       90.0     10.0     12.0     85.0     95.0
      29      62.0       40.0      10.0          0.0    3275.0       90.0      3.0      5.0     85.0     90.0
      30      55.0       85.0      20.0        502.0     662.0       90.0     13.0     15.0     85.0     95.0
      31      40.0       50.0       0.0          0.0    3390.0        0.0     -4.0     15.0     80.0    100.0
