RANGE
4265.9
NUMBER     CAPACITY      CAPACITY      beta      flight              sl              F
    30        200                20         3.1125          30            2400.0      30.0


CUSTOMER
CUST NO. XCOORD. YCOORD. DEMAND READY TIME DUE DATE SERVICE TIME TL (°C) TU (°C) HL (%) HU (%)
       0      35.0       35.0       0.0          0.0     230.0        0.0     -4.0     15.0     80.0    100.0
       1      35.0       17.0       7.0         18.0     202.0       10.0     -4.0      1.0     85.0     90.0
       2      55.0       20.0      19.0        138.0     169.0       10.0      3.0      5.0     85.0     90.0
       3      30.0       25.0      23.0        147.0     180.0       10.0     -4.0      1.0     85.0     90.0
       4      30.0        5.0       8.0         50.0      81.0       10.0      0.0      0.0     95.0    100.0
       5      10.0       20.0      19.0         29.0     139.0       10.0      5.0      5.0     85.0     90.0
       6       5.0       30.0       2.0        124.0     189.0       10.0     -1.0      0.0     90.0     95.0
       7      55.0        5.0      29.0         58.0      87.0       10.0      5.0      5.0     90.0     90.0
       8       2.0       60.0       5.0         41.0     112.0       10.0      4.0      5.0     85.0     95.0
       9      23.0        3.0       7.0         82.0     185.0       10.0     13.0     15.0     85.0     95.0
      10       6.0       68.0      30.0         93.0     132.0       10.0      3.0      5.0     85.0     90.0
      11      37.0       31.0      14.0         87.0     112.0       10.0      8.0     10.0     85.0     95.0
      12      63.0       23.0       2.0        126.0     155.0       10.0      8.0     10.0     85.0     95.0
      13      21.0       24.0      28.0         17.0     202.0       10.0      1.0      5.0     85.0     91.0
      14      17.0       34.0       3.0         70.0     201.0       10.0      0.0      2.0     90.0     95.0
      15      12.0       24.0      13.0         29.0     132.0       10.0      0.0      1.0     80.0     85.0
      16      24.0       58.0      19.0         46.0      79.0       10.0      7.0     10.0     85.0     95.0
      17      62.0       77.0      20.0         49.0     113.0       10.0      4.0      9.0     85.0     90.0
      18      49.0       73.0      25.0        104.0     159.0       10.0      2.0      5.0     85.0     90.0
      19      56.0       39.0      36.0        117.0     176.0       10.0      1.0      1.0     95.0     96.0
      20      57.0       68.0      15.0         39.0     148.0       10.0     -1.0      7.0     80.0     85.0
      21      46.0       13.0       8.0        138.0     169.0       10.0      0.0      0.0     90.0     95.0
      22      49.0       42.0      13.0         65.0      90.0       10.0      0.0      0.0     90.0     95.0
      23      15.0       47.0      16.0         23.0     196.0       10.0      0.0      2.0     90.0     95.0
      24      14.0       37.0      11.0         21.0     198.0       10.0      5.0      5.0     90.0     90.0
      25      11.0       31.0       7.0         93.0     118.0       10.0      5.0      5.0     85.0     90.0
      26      16.0       22.0      41.0         23.0     177.0       10.0     -2.0      1.0     90.0     95.0
      27      28.0       18.0      26.0         88.0     107.0       10.0      3.0      5.0     85.0     90.0
      28      26.0       35.0      15.0         68.0     211.0       10.0      2.0      4.0     85.0     95.0
      29      18.0       24.0      22.0        129.0     199.0       10.0      1.0      5.0     85.0     91.0
      30      26.0       27.0      27.0         35.0     174.0       10.0     -4.0      1.0     85.0     90.0
      31      35.0       35.0       0.0          0.0     230.0        0.0     -4.0     15.0     80.0    100.0
