RANGE
4265.9
NUMBER     CAPACITY      CAPACITY      beta      flight              sl              F
    30        200                20         3.1125          30            2400.0      30.0


CUSTOMER
CUST NO. XCOORD. YCOORD. DEMAND READY TIME DUE DATE SERVICE TIME TL (°„C) TU (°„C) HL (%) HU (%)
       0      35.0       35.0       0.0          0.0     230.0        0.0     -4.0     15.0     80.0    100.0
       1      55.0       45.0      13.0          0.0     197.0       10.0     -1.0      0.0     90.0     90.0
       2      10.0       43.0       9.0         95.0     105.0       10.0     -1.0      7.0     80.0     85.0
       3      55.0       60.0      16.0         97.0     107.0       10.0      1.0      5.0     85.0     91.0
       4      30.0       60.0      16.0          0.0     194.0       10.0     -1.0      0.0     90.0     95.0
       5      20.0       40.0      12.0          0.0     204.0       10.0      2.0      4.0     85.0     95.0
       6      65.0       35.0       3.0          0.0     190.0       10.0      5.0      5.0     85.0     90.0
       7      65.0       20.0       6.0        172.0     182.0       10.0      7.0     10.0     85.0     95.0
       8      64.0       42.0       9.0          0.0     190.0       10.0      8.0     10.0     85.0     95.0
       9      65.0       55.0      14.0          0.0     183.0       10.0      1.0      1.0     95.0     96.0
      10       2.0       60.0       5.0          0.0     178.0       10.0     -1.0      7.0     80.0     85.0
      11      20.0       20.0       8.0          0.0     198.0       10.0     -1.0      0.0     90.0     90.0
      12      23.0        3.0       7.0          0.0     185.0       10.0      0.0      0.0     90.0     95.0
      13       6.0       38.0      16.0          0.0     190.0       10.0     13.0     15.0     85.0     95.0
      14       8.0       56.0      27.0          0.0     185.0       10.0      5.0      5.0     90.0     90.0
      15      53.0       12.0       6.0          0.0     190.0       10.0     -1.0      7.0     80.0     85.0
      16      36.0       26.0      18.0        200.0     210.0       10.0      8.0     10.0     85.0     95.0
      17      17.0       34.0       3.0          0.0     201.0       10.0      0.0      0.0     95.0    100.0
      18      12.0       24.0      13.0          0.0     194.0       10.0      5.0      5.0     90.0     90.0
      19      24.0       58.0      19.0         58.0      68.0       10.0      4.0      6.0     90.0     95.0
      20      27.0       69.0      10.0          0.0     185.0       10.0     13.0     14.0     90.0     95.0
      21      15.0       77.0       9.0          0.0     173.0       10.0     10.0     12.0     85.0     95.0
      22      56.0       39.0      36.0          0.0     198.0       10.0     -1.0      7.0     80.0     85.0
      23      47.0       16.0      25.0          0.0     197.0       10.0      4.0      9.0     85.0     90.0
      24      49.0       11.0      18.0          0.0     192.0       10.0     11.0     13.0     85.0     90.0
      25      15.0       47.0      16.0          0.0     196.0       10.0      2.0      4.0     85.0     95.0
      26      11.0       31.0       7.0        101.0     111.0       10.0      2.0      4.0     85.0     95.0
      27      16.0       22.0      41.0          0.0     196.0       10.0      1.0      1.0     95.0     96.0
      28      26.0       35.0      15.0          0.0     211.0       10.0      5.0      5.0     85.0     90.0
      29      15.0       19.0       1.0          0.0     194.0       10.0      7.0     10.0     85.0     95.0
      30      20.0       26.0       9.0         83.0      93.0       10.0      0.0      0.0     95.0    100.0
      31      35.0       35.0       0.0          0.0     230.0        0.0     -4.0     15.0     80.0    100.0
