RANGE
4265.9
NUMBER     CAPACITY      CAPACITY      beta      flight              sl              F
    30        200                20         3.1125          30            2400.0      30.0


CUSTOMER
CUST NO. XCOORD. YCOORD. DEMAND READY TIME DUE DATE SERVICE TIME TL (°„C) TU (°„C) HL (%) HU (%)
       0      40.0       50.0       0.0          0.0     960.0        0.0     -4.0     15.0     80.0    100.0
       1      20.0       80.0      40.0        644.0     764.0       10.0      0.0      0.0     90.0     95.0
       2      40.0        5.0      10.0          0.0     905.0       10.0      0.0      0.0     95.0    100.0
       3      40.0       15.0      40.0          0.0     915.0       10.0      7.0     10.0     85.0     95.0
       4      35.0        5.0      20.0        784.0     904.0       10.0      0.0      3.0     85.0     91.0
       5      90.0       35.0      10.0          0.0     897.0       10.0      4.0      6.0     90.0     95.0
       6      88.0       30.0      10.0          0.0     898.0       10.0      0.0      0.0     90.0     95.0
       7      88.0       35.0      20.0          0.0     899.0       10.0      7.0     10.0     85.0     95.0
       8      85.0       35.0      30.0          0.0     902.0       10.0     -1.0      0.0     85.0     90.0
       9      60.0       80.0      10.0          0.0     913.0       10.0     -1.0      0.0     85.0     90.0
      10      20.0       82.0      10.0          0.0     912.0       10.0      8.0     10.0     85.0     95.0
      11       2.0       45.0      10.0          0.0     911.0       10.0      5.0      5.0     90.0     90.0
      12      72.0       35.0      30.0          0.0     914.0       10.0     -1.0      0.0     90.0     90.0
      13      25.0       30.0       3.0          0.0     925.0       10.0      0.0      3.0     85.0     91.0
      14      20.0       50.0       5.0        375.0     495.0       10.0      4.0      5.0     85.0     95.0
      15      55.0       60.0      16.0          0.0     931.0       10.0      0.0      1.0     90.0     95.0
      16      15.0       10.0      20.0        782.0     902.0       10.0     -1.0      0.0     90.0     90.0
      17      10.0       20.0      19.0          0.0     907.0       10.0     -1.0      0.0     90.0     95.0
      18      15.0       60.0      17.0          0.0     923.0       10.0     -1.0      0.0     90.0     90.0
      19      65.0       35.0       3.0        167.0     287.0       10.0      0.0      0.0     90.0     95.0
      20      64.0       42.0       9.0        268.0     388.0       10.0     -1.0      7.0     80.0     85.0
      21      40.0       60.0      21.0          0.0     940.0       10.0      0.0      2.0     90.0     95.0
      22       5.0        5.0      16.0          0.0     892.0       10.0      0.0      1.0     90.0     95.0
      23      23.0        3.0       7.0        764.0     884.0       10.0      0.0      1.0     80.0     85.0
      24       6.0       68.0      30.0        352.0     472.0       10.0     -1.0      0.0     90.0     95.0
      25      47.0       47.0      13.0          0.0     942.0       10.0     11.0     13.0     85.0     90.0
      26      63.0       23.0       2.0          0.0     914.0       10.0     -4.0      1.0     85.0     90.0
      27      21.0       24.0      28.0          0.0     917.0       10.0      4.0      9.0     85.0     90.0
      28      12.0       24.0      13.0        359.0     479.0       10.0      2.0      5.0     85.0     90.0
      29      37.0       47.0       6.0          0.0     945.0       10.0      7.0     10.0     85.0     95.0
      30      57.0       48.0      23.0          0.0     932.0       10.0     11.0     13.0     85.0     90.0
      31      40.0       50.0       0.0          0.0     960.0        0.0     -4.0     15.0     80.0    100.0
