RANGE
4265.9
NUMBER     CAPACITY      CAPACITY      beta      flight              sl              F
    30        200                20         3.1125          30            2400.0      30.0


CUSTOMER
CUST NO. XCOORD. YCOORD. DEMAND READY TIME DUE DATE SERVICE TIME TL (°C) TU (°C) HL (%) HU (%)
       0      40.0       50.0       0.0          0.0    1236.0        0.0     -4.0     15.0     80.0    100.0
       1      45.0       68.0      10.0        890.0     989.0       90.0     10.0     12.0     85.0     95.0
       2      45.0       70.0      30.0        816.0     879.0       90.0      2.0      5.0     85.0     90.0
       3      42.0       68.0      10.0        703.0     806.0       90.0      4.0      6.0     90.0     95.0
       4      40.0       69.0      20.0        559.0     764.0       90.0     -2.0      1.0     90.0     95.0
       5      38.0       70.0      10.0        489.0     650.0       90.0      2.0      4.0     85.0     95.0
       6      22.0       85.0      10.0        571.0     616.0       90.0      7.0     10.0     85.0     95.0
       7      20.0       55.0      10.0        452.0     501.0       90.0     -1.0      0.0     85.0     90.0
       8      10.0       35.0      20.0        204.0     233.0       90.0      3.0      5.0     85.0     90.0
       9       8.0       40.0      40.0         42.0     203.0       90.0      1.0      5.0     85.0     91.0
      10       8.0       45.0      20.0        715.0     852.0       90.0      1.0      5.0     85.0     91.0
      11      35.0       32.0      10.0        123.0     278.0       90.0      5.0      5.0     85.0     90.0
      12      32.0       30.0      10.0        338.0     433.0       90.0     13.0     14.0     90.0     95.0
      13      30.0       32.0      30.0        415.0     542.0       90.0      2.0      5.0     85.0     90.0
      14      26.0       32.0      10.0        779.0     916.0       90.0     -2.0      1.0     90.0     95.0
      15      25.0       30.0      10.0        695.0     816.0       90.0      4.0      9.0     85.0     90.0
      16      42.0       10.0      40.0         96.0     347.0       90.0      0.0      1.0     90.0     95.0
      17      42.0       15.0      10.0         35.0     233.0       90.0      4.0      5.0     85.0     95.0
      18      40.0        5.0      30.0        347.0     474.0       90.0      5.0      5.0     90.0     90.0
      19      38.0       15.0      10.0        521.0     870.0       90.0      4.0      9.0     85.0     90.0
      20      50.0       35.0      20.0        217.0     362.0       90.0      0.0      2.0     90.0     95.0
      21      47.0       35.0      10.0        794.0     907.0       90.0      1.0      1.0     95.0     96.0
      22      47.0       40.0      10.0         12.0     226.0       90.0     -4.0      1.0     85.0     90.0
      23      95.0       30.0      30.0        266.0     577.0       90.0     -1.0      0.0     90.0     90.0
      24      95.0       35.0      20.0        181.0     472.0       90.0      0.0      3.0     85.0     91.0
      25      92.0       30.0      10.0        345.0     684.0       90.0      0.0      1.0     80.0     85.0
      26      53.0       35.0      50.0        294.0     471.0       90.0     13.0     15.0     85.0     95.0
      27      87.0       30.0      10.0        567.0     832.0       90.0      0.0      3.0     85.0     91.0
      28      68.0       60.0      30.0        476.0     691.0       90.0      2.0      4.0     85.0     95.0
      29      67.0       85.0      20.0        229.0     580.0       90.0      4.0      6.0     90.0     95.0
      30      55.0       85.0      20.0        493.0     880.0       90.0     11.0     13.0     85.0     90.0
      31      40.0       50.0       0.0          0.0    1236.0        0.0     -4.0     15.0     80.0    100.0
