RANGE
4265.9
NUMBER     CAPACITY      CAPACITY      beta      flight              sl              F
    30        200                20         3.1125          30            2400.0      30.0


CUSTOMER
CUST NO. XCOORD. YCOORD. DEMAND READY TIME DUE DATE SERVICE TIME TL (°C) TU (°C) HL (%) HU (%)
       0      35.0       35.0       0.0          0.0     230.0        0.0     -4.0     15.0     80.0    100.0
       1      35.0       17.0       7.0         20.0      89.0       10.0     -1.0      0.0     90.0     95.0
       2      55.0       20.0      19.0         71.0     195.0       10.0      0.0      0.0     90.0     95.0
       3      30.0       60.0      16.0        101.0     156.0       10.0      1.0      5.0     85.0     91.0
       4      20.0       65.0      12.0         33.0     152.0       10.0     -1.0      0.0     90.0     90.0
       5       5.0       30.0       2.0         51.0     189.0       10.0      0.0      2.0     90.0     95.0
       6      20.0       40.0      12.0         77.0     106.0       10.0      0.0      2.0     85.0     90.0
       7      15.0       60.0      17.0         53.0     108.0       10.0     -4.0      1.0     85.0     90.0
       8      65.0       35.0       3.0        118.0     190.0       10.0      1.0      1.0     95.0     96.0
       9      41.0       37.0      16.0          8.0      79.0       10.0      1.0      5.0     85.0     91.0
      10      64.0       42.0       9.0         37.0      98.0       10.0     -1.0      0.0     90.0     95.0
      11      40.0       60.0      21.0         28.0     123.0       10.0      2.0      5.0     85.0     90.0
      12      53.0       52.0      11.0         24.0     179.0       10.0      4.0      5.0     85.0     95.0
      13      65.0       55.0      14.0        100.0     143.0       10.0     -2.0      1.0     90.0     95.0
      14       2.0       60.0       5.0         41.0     178.0       10.0      2.0      5.0     85.0     90.0
      15       5.0        5.0      16.0         42.0     145.0       10.0      0.0      3.0     85.0     91.0
      16      53.0       12.0       6.0         81.0     188.0       10.0     13.0     15.0     85.0     95.0
      17      36.0       26.0      18.0         79.0     210.0       10.0      0.0      2.0     85.0     90.0
      18      37.0       47.0       6.0         12.0     142.0       10.0      0.0      2.0     85.0     90.0
      19      61.0       52.0       3.0         43.0     158.0       10.0     -4.0      1.0     85.0     90.0
      20      15.0       47.0      16.0         28.0      91.0       10.0     10.0     12.0     85.0     95.0
      21      14.0       37.0      11.0         21.0      97.0       10.0     -1.0      0.0     85.0     90.0
      22      11.0       31.0       7.0         68.0     143.0       10.0      4.0      6.0     90.0     95.0
      23       4.0       18.0      35.0         79.0     118.0       10.0     13.0     14.0     90.0     95.0
      24      26.0       52.0       9.0         24.0     133.0       10.0     10.0     10.0     85.0     95.0
      25      22.0       22.0       2.0         18.0     181.0       10.0      5.0      5.0     85.0     90.0
      26      22.0       27.0      11.0        119.0     160.0       10.0      4.0      6.0     90.0     95.0
      27      25.0       21.0      12.0        122.0     153.0       10.0      0.0      0.0     95.0    100.0
      28      19.0       21.0      10.0         32.0      93.0       10.0      4.0      9.0     85.0     90.0
      29      20.0       26.0       9.0         38.0     137.0       10.0      0.0      0.0     95.0    100.0
      30      18.0       18.0      17.0         28.0     195.0       10.0      2.0      4.0     85.0     95.0
      31      35.0       35.0       0.0          0.0     230.0        0.0     -4.0     15.0     80.0    100.0
