RANGE
4265.95
NUMBER     CAPACITY      CAPACITY      beta      flight              sl              F
5     200                20                3.1125               30            2400              30


CUSTOMER
CUST NO.  XCOORD.   YCOORD.    DEMAND   READY TIME  DUE DATE   SERVICE   TIME   TL (°C)   TU (°C)   HL (%)   HU (%)   LAUNCH TIME
   0      40         50             0           0         960          0           -4         15         80         100       
   1      25         85            20         613         853         10            1          5         85          91       
   2      22         75            30          92         332         10            0          0         90          95       
   3      22         85            10         411         651         10            1          5         85          91       
   4      20         80            40         584         824         10           13         14         90          95       
   5      20         85            20          40         280         10           10         12         85          95       
   6      18         75            20         328         568         10           10         12         85          95       
   7      15         75            20         240         480         10           -1          0         85          90       
   8      15         80            10         307         547         10            0          3         85          91       
   9      10         35            20         311         551         10            5          5         85          90       
  10      10         40            30         459         699         10            4          9         85          90       
  11       8         40            40         135         375         10            7         10         85          95       
  12       8         45            20         163         403         10           10         12         85          95       
  13       5         35            10         593         833         10            0          2         90          95       
  14       5         45            10          35         275         10            7         10         85          95       
  15       2         40            20         114         354         10            0          1         80          85       
  16       0         40            20         195         435         10            3          5         85          90       
  17       0         45            20         643         883         10           10         12         85          95       
  18      44          5            20         275         515         10           -1          0         90          90       
  19      42         10            40         194         434         10           -1          7         80          85       
  20      42         15            10         477         717         10            2          4         85          95       
  21      40          5            10         155         395         10            0          2         85          90       
  22      40         15            40         315         555         10           -2          1         90          95       
  23      38          5            30         141         381         10            0          0         90          95       
  24      38         15            10         621         861         10           13         15         85          95       
  25      35          5            20         664         904         10           10         10         85          95       
  26      95         30            30         469         709         10            0          2         85          90       
  27      95         35            20          86         326         10            0          2         85          90       
  28      92         30            10          89         329         10           -1          0         85          90       
  29      90         35            10         134         374         10            4          6         90          95       
  30      88         30            10         186         426         10            0          2         85          90       
  31      88         35            20         105         345         10           -1          0         90          90       
  32      87         30            10         561         801         10           -2          1         90          95       
  33      85         25            10          51         291         10            8         10         85          95       
  34      85         35            30         427         667         10            3          5         85          90       
  35      67         85            20         597         837         10           -1          7         80          85       
  36      65         85            40          43         283         10            1          1         95          96       
  37      65         82            10         497         737         10           13         15         85          95       
  38      62         80            30         218         458         10            5          5         90          90       
  39      60         80            10          36         276         10            3          5         85          90       
  40      60         85            30         269         509         10           -1          7         80          85       
  41      58         75            20         316         556         10            8         10         85          95       
  42      55         80            10          33         273         10            4          5         85          95       
  43      55         85            20         514         754         10            2          5         85          90       
  44      55         82            10         157         397         10            0          2         90          95       
  45      20         82            10          37         277         10            0          3         85          91       
  46      18         80            10         429         669         10           -1          0         90          95       
  47       2         45            10          45         285         10           13         15         85          95       
  48      42          5            10         664         904         10           -1          0         90          90       
  49      42         12            10         380         620         10           11         13         85          90       
  50      72         35            30         447         687         10            0          1         90          95       
  51      55         20            19         266         506         10            0          1         80          85       
  52      25         30             3         115         355         10           13         15         85          95       
  53      20         50             5         315         555         10            0          1         90          95       
  54      55         60            16         541         781         10           -1          0         85          90       
  55      30         60            16         539         779         10           13         15         85          95       
  56      50         35            19         497         737         10            4          5         85          95       
  57      30         25            23         337         577         10           13         15         85          95       
  58      15         10            20         662         902         10           10         12         85          95       
  59      10         20            19          42         282         10           -1          7         80          85       
  60      15         60            17         634         874         10            8         10         85          95       
  61      45         65             9         198         438         10            1          1         95          96       
  62      65         35             3         107         347         10            0          0         90          95       
  63      65         20             6          39         279         10            0          0         90          95       
  64      45         30            17         131         371         10           11         13         85          90       
  65      35         40            16          11         251         10            1          5         85          91       
  66      41         37            16         506         746         10            1          5         85          91       
  67      64         42             9         208         448         10            0          1         90          95       
  68      40         60            21         552         792         10           -1          0         90          90       
  69      31         52            27          97         337         10            0          2         90          95       
  70      35         69            23         690         930         10           -1          0         90          95       
  71      65         55            14         181         421         10            1          1         95          96       
  72      63         65             8          27         267         10           -1          7         80          85       
  73       2         60             5         226         466         10            0          1         80          85       
  74      20         20             8         585         825         10           -1          0         90          90       
  75       5          5            16         172         412         10            1          1         95          96       
  76      60         12            31         208         448         10            0          2         85          90       
  77      23          3             7         660         900         10            5          5         85          90       
  78       8         56            27         305         545         10            8         10         85          95       
  79       6         68            30         292         532         10            8         10         85          95       
  80      47         47            13         702         942         10            0          0         90          95       
  81      49         58            10         295         535         10            5          5         85          90       
  82      27         43             9          92         332         10            0          3         85          91       
  83      37         31            14          45         285         10           -1          0         90          90       
  84      57         29            18         335         575         10            0          1         80          85       
  85      63         23             2         284         524         10            0          0         95         100       
  86      21         24            28         289         529         10           10         12         85          95       
  87      12         24            13         299         539         10           10         10         85          95       
  88      24         58            19         200         440         10            0          1         90          95       
  89      67          5            25         653         893         10            0          2         90          95       
  90      37         47             6         299         539         10            1          1         95          96       
  91      49         42            13         659         899         10            0          0         90          95       
  92      53         43            14          14         254         10            0          2         85          90       
  93      61         52             3         688         928         10           -4          1         85          90       
  94      57         48            23         332         572         10            5          5         90          90       
  95      56         37             6          40         280         10            4          5         85          95       
  96      55         54            26         502         742         10            2          5         85          90       
  97       4         18            35         487         727         10            0          0         90          95       
  98      26         52             9         112         352         10           10         12         85          95       
  99      26         35            15         248         488         10            2          5         85          90       
 100      31         67             3         690         930         10            0          3         85          91       
