RANGE
4265.95
NUMBER     CAPACITY      CAPACITY      beta      flight              sl              F
5     200                20                3.1125               30            2400              30


CUSTOMER
CUST NO.  XCOORD.   YCOORD.    DEMAND   READY TIME  DUE DATE   SERVICE   TIME   TL (°C)   TU (°C)   HL (%)   HU (%)   LAUNCH TIME
   0      40         50             0           0         960          0           -4         15         80         100       
   1      25         85            20         591         874         10            2          5         85          90       
   2      22         75            30          73         350         10           -2          1         90          95       
   3      22         85            10         473         588         10            0          1         90          95       
   4      20         80            40         418         913         10            8         10         85          95       
   5      20         85            20          40         390         10           13         15         85          95       
   6      18         75            20         249         646         10            0          1         80          85       
   7      15         75            20         281         438         10            0          0         95         100       
   8      15         80            10         272         581         10           -1          7         80          85       
   9      10         35            20         236         625         10           10         10         85          95       
  10      10         40            30         470         687         10            0          2         90          95       
  11       8         40            40          33         510         10            1          1         95          96       
  12       8         45            20         166         399         10            0          2         90          95       
  13       5         35            10         359         911         10            8         10         85          95       
  14       5         45            10          35         457         10            4          9         85          90       
  15       2         40            20          39         538         10           -1          0         85          90       
  16       0         40            20         214         415         10           -1          0         90          95       
  17       0         45            20         359         909         10           -1          0         90          95       
  18      44          5            20         338         451         10            0          0         90          95       
  19      42         10            40         205         422         10           10         12         85          95       
  20      42         15            10         511         682         10           13         14         90          95       
  21      40          5            10         158         391         10            2          4         85          95       
  22      40         15            40         263         606         10            0          0         90          95       
  23      38          5            30          45         522         10           -1          7         80          85       
  24      38         15            10         598         883         10            0          2         85          90       
  25      35          5            20         348         904         10            0          1         90          95       
  26      95         30            30         509         668         10            2          4         85          95       
  27      95         35            20          57         664         10           -1          7         80          85       
  28      92         30            10          68         349         10            4          5         85          95       
  29      90         35            10         131         376         10            5          5         85          90       
  30      88         30            10         114         497         10            0          3         85          91       
  31      88         35            20         102         347         10            0          1         90          95       
  32      87         30            10         564         797         10            0          1         90          95       
  33      85         25            10          51         673         10            0          1         80          85       
  34      85         35            30         462         631         10           -1          0         90          95       
  35      67         85            20         396         905         10            7         10         85          95       
  36      65         85            40          43         712         10            0          3         85          91       
  37      65         82            10         530         703         10           -1          0         90          90       
  38      62         80            30         131         544         10            4          6         90          95       
  39      60         80            10          36         800         10            0          1         90          95       
  40      60         85            30         233         544         10            1          5         85          91       
  41      58         75            20         207         664         10            5          5         85          90       
  42      55         80            10          33         624         10            5          5         90          90       
  43      55         85            20         549         718         10           -1          0         90          95       
  44      55         82            10          62         491         10            2          4         85          95       
  45      20         82            10          37         677         10           -1          0         90          95       
  46      18         80            10         435         662         10           11         13         85          90       
  47       2         45            10          38         366         10           -1          0         90          90       
  48      42          5            10         636         904         10           -1          0         85          90       
  49      42         12            10         423         576         10           10         10         85          95       
  50      72         35            30         471         662         10            5          5         85          90       
  51      55         20            19         281         490         10            4          9         85          90       
  52      25         30             3         109         360         10           13         14         90          95       
  53      20         50             5         284         585         10           -4          1         85          90       
  54      55         60            16         568         753         10            0          2         90          95       
  55      30         60            16         421         896         10            5          5         90          90       
  56      50         35            19         404         829         10            2          5         85          90       
  57      30         25            23         347         566         10            0          2         85          90       
  58      15         10            20         380         902         10           -1          0         90          90       
  59      10         20            19          42         466         10            1          5         85          91       
  60      15         60            17         613         894         10            2          5         85          90       
  61      45         65             9         230         405         10            5          5         85          90       
  62      65         35             3          29         587         10           -1          0         90          95       
  63      65         20             6          39         353         10            4          6         90          95       
  64      45         30            17          20         497         10           10         12         85          95       
  65      35         40            16          11         570         10           -1          0         85          90       
  66      41         37            16         423         828         10           10         10         85          95       
  67      64         42             9         112         543         10            0          1         80          85       
  68      40         60            21         441         902         10            0          3         85          91       
  69      31         52            27           9         532         10            5          5         85          90       
  70      35         69            23         211         930         10            0          2         85          90       
  71      65         55            14         201         400         10           10         10         85          95       
  72      63         65             8          27         382         10            1          5         85          91       
  73       2         60             5         255         436         10            8         10         85          95       
  74      20         20             8         427         913         10           -1          0         90          90       
  75       5          5            16         183         400         10            4          6         90          95       
  76      60         12            31         162         493         10           13         14         90          95       
  77      23          3             7         360         900         10           -4          1         85          90       
  78       8         56            27         195         654         10           -1          7         80          85       
  79       6         68            30         258         565         10            0          3         85          91       
  80      47         47            13         426         942         10           10         12         85          95       
  81      49         58            10         369         460         10           -1          0         85          90       
  82      27         43             9          85         338         10            5          5         85          90       
  83      37         31            14          19         326         10           13         15         85          95       
  84      57         29            18         304         605         10           -2          1         90          95       
  85      63         23             2         318         489         10           -1          0         90          90       
  86      21         24            28         332         485         10            1          1         95          96       
  87      12         24            13         365         472         10            8         10         85          95       
  88      24         58            19         100         539         10            0          0         95         100       
  89      67          5            25         565         897         10            0          2         85          90       
  90      37         47             6         324         513         10            2          4         85          95       
  91      49         42            13         651         906         10            0          0         90          95       
  92      53         43            14          14         669         10            5          5         90          90       
  93      61         52             3         298         928         10           13         14         90          95       
  94      57         48            23         385         518         10            0          2         85          90       
  95      56         37             6          20         299         10            1          1         95          96       
  96      55         54            26         538         705         10           13         15         85          95       
  97       4         18            35         546         667         10           13         15         85          95       
  98      26         52             9         109         354         10            2          4         85          95       
  99      26         35            15         170         565         10           13         14         90          95       
 100      31         67             3         262         930         10            0          0         90          95       
