RANGE
4265.95
NUMBER     CAPACITY      CAPACITY      beta      flight              sl              F
5     200                20                3.1125               30            2400              30


CUSTOMER
CUST NO.  XCOORD.   YCOORD.    DEMAND   READY TIME  DUE DATE   SERVICE   TIME   TL (°C)   TU (°C)   HL (%)   HU (%)   LAUNCH TIME
   0      40         50             0           0         960          0           -4         15         80         100       
   1      25         85            20           0         911         10            5          5         85          90       
   2      22         75            30           0         919         10            0          1         80          85       
   3      22         85            10           0         910         10           -1          0         85          90       
   4      20         80            40         644         764         10            0          0         90          95       
   5      20         85            20           0         909         10            4          5         85          95       
   6      18         75            20           0         916         10           11         13         85          90       
   7      15         75            20           0         914         10           -1          7         80          85       
   8      15         80            10         367         487         10           -4          1         85          90       
   9      10         35            20         371         491         10           -1          0         85          90       
  10      10         40            30           0         918         10           -1          7         80          85       
  11       8         40            40         195         315         10            4          6         90          95       
  12       8         45            20           0         917         10            2          4         85          95       
  13       5         35            10         653         773         10            0          1         90          95       
  14       5         45            10           0         914         10            5          5         90          90       
  15       2         40            20         174         294         10            3          5         85          90       
  16       0         40            20           0         908         10            0          1         90          95       
  17       0         45            20           0         909         10           13         14         90          95       
  18      44          5            20           0         904         10            0          0         90          95       
  19      42         10            40           0         909         10           13         15         85          95       
  20      42         15            10           0         914         10           -2          1         90          95       
  21      40          5            10           0         905         10            0          0         95         100       
  22      40         15            40           0         915         10            7         10         85          95       
  23      38          5            30         201         321         10            0          3         85          91       
  24      38         15            10           0         914         10           13         15         85          95       
  25      35          5            20         784         904         10            0          3         85          91       
  26      95         30            30           0         891         10            0          0         95         100       
  27      95         35            20           0         892         10            0          2         90          95       
  28      92         30            10           0         894         10            0          2         90          95       
  29      90         35            10           0         897         10            4          6         90          95       
  30      88         30            10           0         898         10            0          0         90          95       
  31      88         35            20           0         899         10            7         10         85          95       
  32      87         30            10           0         898         10            1          5         85          91       
  33      85         25            10           0         898         10            0          1         80          85       
  34      85         35            30           0         902         10           -1          0         85          90       
  35      67         85            20           0         905         10            5          5         85          90       
  36      65         85            40           0         906         10            0          3         85          91       
  37      65         82            10           0         909         10            4          6         90          95       
  38      62         80            30         278         398         10           10         10         85          95       
  39      60         80            10           0         913         10           -1          0         85          90       
  40      60         85            30           0         909         10            4          9         85          90       
  41      58         75            20           0         919         10            3          5         85          90       
  42      55         80            10           0         916         10           -1          7         80          85       
  43      55         85            20           0         911         10           13         14         90          95       
  44      55         82            10         217         337         10            0          3         85          91       
  45      20         82            10           0         912         10            8         10         85          95       
  46      18         80            10           0         912         10            4          9         85          90       
  47       2         45            10           0         911         10            5          5         90          90       
  48      42          5            10           0         904         10            1          5         85          91       
  49      42         12            10           0         911         10           10         10         85          95       
  50      72         35            30           0         914         10           -1          0         90          90       
  51      55         20            19           0         916         10           -1          0         85          90       
  52      25         30             3           0         925         10            0          3         85          91       
  53      20         50             5         375         495         10            4          5         85          95       
  54      55         60            16           0         931         10            0          1         90          95       
  55      30         60            16         599         719         10           -1          0         85          90       
  56      50         35            19           0         931         10            1          1         95          96       
  57      30         25            23           0         923         10            0          3         85          91       
  58      15         10            20         782         902         10           -1          0         90          90       
  59      10         20            19           0         907         10           -1          0         90          95       
  60      15         60            17           0         923         10           -1          0         90          90       
  61      45         65             9           0         934         10            0          1         80          85       
  62      65         35             3         167         287         10            0          0         90          95       
  63      65         20             6           0         910         10            4          5         85          95       
  64      45         30            17           0         929         10           11         13         85          90       
  65      35         40            16           0         938         10           -1          0         90          95       
  66      41         37            16           0         936         10           10         10         85          95       
  67      64         42             9         268         388         10           -1          7         80          85       
  68      40         60            21           0         940         10            0          2         90          95       
  69      31         52            27         157         277         10           -1          0         90          95       
  70      35         69            23           0         930         10            5          5         85          90       
  71      65         55            14           0         924         10            4          5         85          95       
  72      63         65             8           0         922         10           -1          7         80          85       
  73       2         60             5           0         910         10           10         10         85          95       
  74      20         20             8         645         765         10            7         10         85          95       
  75       5          5            16           0         892         10            0          1         90          95       
  76      60         12            31         268         388         10            4          5         85          95       
  77      23          3             7         764         884         10            0          1         80          85       
  78       8         56            27           0         917         10            0          0         90          95       
  79       6         68            30         352         472         10           -1          0         90          95       
  80      47         47            13           0         942         10           11         13         85          90       
  81      49         58            10           0         937         10            8         10         85          95       
  82      27         43             9           0         935         10           13         15         85          95       
  83      37         31            14           0         930         10            5          5         85          90       
  84      57         29            18         395         515         10           11         13         85          90       
  85      63         23             2           0         914         10           -4          1         85          90       
  86      21         24            28           0         917         10            4          9         85          90       
  87      12         24            13         359         479         10            2          5         85          90       
  88      24         58            19           0         932         10           -1          0         90          90       
  89      67          5            25           0         897         10            4          9         85          90       
  90      37         47             6           0         945         10            7         10         85          95       
  91      49         42            13           0         937         10            1          5         85          91       
  92      53         43            14          14         134         10            0          0         90          95       
  93      61         52             3           0         928         10            0          0         95         100       
  94      57         48            23           0         932         10           11         13         85          90       
  95      56         37             6           0         929         10            0          2         85          90       
  96      55         54            26           0         934         10           11         13         85          90       
  97       4         18            35           0         901         10           10         12         85          95       
  98      26         52             9           0         935         10           11         13         85          90       
  99      26         35            15         308         428         10           -1          0         90          95       
 100      31         67             3         810         930         10            4          9         85          90       
