RANGE
4265.95
NUMBER     CAPACITY      CAPACITY      beta      flight              sl              F
5     200                20                3.1125               30            2400              30


CUSTOMER
CUST NO.  XCOORD.   YCOORD.    DEMAND   READY TIME  DUE DATE   SERVICE   TIME   TL (°C)   TU (°C)   HL (%)   HU (%)   LAUNCH TIME
   0      40         50             0           0         960          0           -4         15         80         100       
   1      25         85            20           0         911         10           -1          0         85          90       
   2      22         75            30           0         919         10            0          3         85          91       
   3      22         85            10           0         910         10            8         10         85          95       
   4      20         80            40         644         764         10           10         12         85          95       
   5      20         85            20           0         909         10            3          5         85          90       
   6      18         75            20         388         508         10            3          5         85          90       
   7      15         75            20           0         914         10            0          0         95         100       
   8      15         80            10         367         487         10            4          9         85          90       
   9      10         35            20         371         491         10            4          9         85          90       
  10      10         40            30         519         639         10           -1          0         90          95       
  11       8         40            40         195         315         10            4          6         90          95       
  12       8         45            20           0         917         10           -4          1         85          90       
  13       5         35            10         653         773         10           -1          7         80          85       
  14       5         45            10           0         914         10            3          5         85          90       
  15       2         40            20         174         294         10            7         10         85          95       
  16       0         40            20           0         908         10            4          6         90          95       
  17       0         45            20         703         823         10            0          2         85          90       
  18      44          5            20           0         904         10            0          3         85          91       
  19      42         10            40           0         909         10            0          0         90          95       
  20      42         15            10           0         914         10            0          2         90          95       
  21      40          5            10           0         905         10           -4          1         85          90       
  22      40         15            40         375         495         10            2          5         85          90       
  23      38          5            30         201         321         10            0          0         95         100       
  24      38         15            10           0         914         10            0          1         80          85       
  25      35          5            20         784         904         10           13         14         90          95       
  26      95         30            30           0         891         10           -1          0         90          90       
  27      95         35            20         146         266         10           -1          0         90          90       
  28      92         30            10           0         894         10            0          1         90          95       
  29      90         35            10           0         897         10            5          5         90          90       
  30      88         30            10         246         366         10            4          9         85          90       
  31      88         35            20           0         899         10            0          0         95         100       
  32      87         30            10           0         898         10            0          1         90          95       
  33      85         25            10          80         200         10            0          1         80          85       
  34      85         35            30           0         902         10            2          4         85          95       
  35      67         85            20         657         777         10           10         12         85          95       
  36      65         85            40          43         163         10           -1          0         90          95       
  37      65         82            10           0         909         10           11         13         85          90       
  38      62         80            30         278         398         10            8         10         85          95       
  39      60         80            10          64         184         10           10         12         85          95       
  40      60         85            30         329         449         10            0          1         80          85       
  41      58         75            20         376         496         10            0          1         90          95       
  42      55         80            10          33         153         10            4          5         85          95       
  43      55         85            20           0         911         10           -1          0         85          90       
  44      55         82            10         217         337         10           13         14         90          95       
  45      20         82            10          37         157         10            5          5         85          90       
  46      18         80            10           0         912         10            2          5         85          90       
  47       2         45            10           0         911         10           13         15         85          95       
  48      42          5            10           0         904         10            5          5         85          90       
  49      42         12            10         440         560         10            1          5         85          91       
  50      72         35            30           0         914         10            5          5         85          90       
  51      55         20            19           0         916         10           13         15         85          95       
  52      25         30             3           0         925         10           13         14         90          95       
  53      20         50             5         375         495         10           13         15         85          95       
  54      55         60            16           0         931         10            1          5         85          91       
  55      30         60            16         599         719         10            5          5         90          90       
  56      50         35            19         557         677         10           13         15         85          95       
  57      30         25            23           0         923         10            8         10         85          95       
  58      15         10            20         782         902         10            2          5         85          90       
  59      10         20            19           0         907         10            1          1         95          96       
  60      15         60            17           0         923         10            2          4         85          95       
  61      45         65             9           0         934         10            0          2         90          95       
  62      65         35             3         167         287         10            4          9         85          90       
  63      65         20             6           0         910         10            7         10         85          95       
  64      45         30            17         191         311         10           -1          0         85          90       
  65      35         40            16          11         131         10            0          0         95         100       
  66      41         37            16         566         686         10            1          1         95          96       
  67      64         42             9         268         388         10            0          0         95         100       
  68      40         60            21         612         732         10            1          5         85          91       
  69      31         52            27         157         277         10            0          0         95         100       
  70      35         69            23         810         930         10            3          5         85          90       
  71      65         55            14           0         924         10            0          1         90          95       
  72      63         65             8           0         922         10           13         15         85          95       
  73       2         60             5           0         910         10           -2          1         90          95       
  74      20         20             8         645         765         10            1          1         95          96       
  75       5          5            16           0         892         10            3          5         85          90       
  76      60         12            31         268         388         10            0          2         85          90       
  77      23          3             7         764         884         10            7         10         85          95       
  78       8         56            27         365         485         10            0          3         85          91       
  79       6         68            30         352         472         10           -1          0         90          90       
  80      47         47            13         822         942         10           -4          1         85          90       
  81      49         58            10           0         937         10            0          2         85          90       
  82      27         43             9           0         935         10            0          2         85          90       
  83      37         31            14           0         930         10           -1          0         90          90       
  84      57         29            18         395         515         10           10         12         85          95       
  85      63         23             2           0         914         10           -1          0         90          95       
  86      21         24            28           0         917         10            0          1         80          85       
  87      12         24            13         359         479         10            1          1         95          96       
  88      24         58            19         260         380         10            0          1         80          85       
  89      67          5            25           0         897         10            7         10         85          95       
  90      37         47             6           0         945         10            2          5         85          90       
  91      49         42            13           0         937         10            0          1         80          85       
  92      53         43            14          14         134         10           10         12         85          95       
  93      61         52             3         808         928         10            4          6         90          95       
  94      57         48            23           0         932         10            1          5         85          91       
  95      56         37             6           0         929         10           -1          7         80          85       
  96      55         54            26           0         934         10           13         14         90          95       
  97       4         18            35           0         901         10           13         14         90          95       
  98      26         52             9           0         935         10           -2          1         90          95       
  99      26         35            15         308         428         10            5          5         85          90       
 100      31         67             3         810         930         10           13         15         85          95       
