RANGE
4265.95
NUMBER     CAPACITY      CAPACITY      beta      flight              sl              F
5     200                20                3.1125               30            2400              30


CUSTOMER
CUST NO.  XCOORD.   YCOORD.    DEMAND   READY TIME  DUE DATE   SERVICE   TIME   TL (°C)   TU (°C)   HL (%)   HU (%)   LAUNCH TIME
   0      40         50             0           0         960          0           -4         15         80         100       
   1      25         85            20         388         911         10            1          5         85          91       
   2      22         75            30          30         546         10           10         10         85          95       
   3      22         85            10         353         708         10           -4          1         85          90       
   4      20         80            40         425         913         10           10         12         85          95       
   5      20         85            20          40         630         10            0          2         90          95       
   6      18         75            20         228         667         10           10         10         85          95       
   7      15         75            20         161         558         10           -1          7         80          85       
   8      15         80            10         229         624         10            7         10         85          95       
   9      10         35            20         213         648         10           11         13         85          90       
  10      10         40            30         404         753         10           -2          1         90          95       
  11       8         40            40          33         511         10            0          0         90          95       
  12       8         45            20          46         519         10            4          6         90          95       
  13       5         35            10         395         911         10           -1          7         80          85       
  14       5         45            10          35         697         10            0          0         95         100       
  15       2         40            20          39         528         10           13         14         90          95       
  16       0         40            20          94         535         10            0          1         90          95       
  17       0         45            20         394         909         10            0          0         95         100       
  18      44          5            20         218         571         10            5          5         85          90       
  19      42         10            40          85         542         10            2          4         85          95       
  20      42         15            10         391         802         10            0          3         85          91       
  21      40          5            10          45         517         10            8         10         85          95       
  22      40         15            40         229         640         10           -1          7         80          85       
  23      38          5            30          45         523         10            8         10         85          95       
  24      38         15            10         389         914         10           -1          0         90          95       
  25      35          5            20         386         904         10            0          3         85          91       
  26      95         30            30         389         788         10            1          5         85          91       
  27      95         35            20          57         600         10            8         10         85          95       
  28      92         30            10          55         575         10            1          5         85          91       
  29      90         35            10          52         536         10            0          0         95         100       
  30      88         30            10          90         521         10           -4          1         85          90       
  31      88         35            20          50         534         10           -2          1         90          95       
  32      87         30            10         425         898         10            8         10         85          95       
  33      85         25            10          51         602         10           -1          0         90          90       
  34      85         35            30         342         751         10            4          6         90          95       
  35      67         85            20         410         905         10            4          9         85          90       
  36      65         85            40          43         617         10            0          0         95         100       
  37      65         82            10         410         823         10           10         10         85          95       
  38      62         80            30         114         561         10            8         10         85          95       
  39      60         80            10          36         658         10            0          0         95         100       
  40      60         85            30         191         586         10           13         14         90          95       
  41      58         75            20         201         670         10           -1          0         85          90       
  42      55         80            10          33         568         10            2          4         85          95       
  43      55         85            20         429         838         10            0          0         95         100       
  44      55         82            10          49         504         10           -1          0         90          90       
  45      20         82            10          37         597         10            0          2         85          90       
  46      18         80            10         315         782         10           -1          7         80          85       
  47       2         45            10          38         606         10           -1          0         90          95       
  48      42          5            10         396         904         10            8         10         85          95       
  49      42         12            10         341         658         10            5          5         90          90       
  50      72         35            30         351         782         10            0          3         85          91       
  51      55         20            19         161         610         10            5          5         90          90       
  52      25         30             3          25         516         10           -1          7         80          85       
  53      20         50             5         239         630         10            2          5         85          90       
  54      55         60            16         448         873         10            0          1         80          85       
  55      30         60            16         420         897         10           -1          0         90          90       
  56      50         35            19         390         843         10           -1          0         90          95       
  57      30         25            23         227         686         10           13         15         85          95       
  58      15         10            20         401         902         10            4          9         85          90       
  59      10         20            19          42         706         10            3          5         85          90       
  60      15         60            17         401         923         10            0          2         90          95       
  61      45         65             9         110         525         10           13         14         90          95       
  62      65         35             3          29         548         10           13         14         90          95       
  63      65         20             6          39         593         10           -4          1         85          90       
  64      45         30            17          20         498         10            0          2         85          90       
  65      35         40            16          11         530         10            8         10         85          95       
  66      41         37            16         404         847         10            0          1         90          95       
  67      64         42             9         100         555         10            7         10         85          95       
  68      40         60            21         436         907         10           -2          1         90          95       
  69      31         52            27           9         510         10            7         10         85          95       
  70      35         69            23         330         930         10           -1          0         85          90       
  71      65         55            14          81         520         10           -1          0         85          90       
  72      63         65             8          27         622         10            0          3         85          91       
  73       2         60             5         135         556         10           13         15         85          95       
  74      20         20             8         430         913         10            7         10         85          95       
  75       5          5            16          63         520         10            1          5         85          91       
  76      60         12            31         125         530         10            0          1         90          95       
  77      23          3             7         390         900         10            2          4         85          95       
  78       8         56            27         190         659         10           10         10         85          95       
  79       6         68            30         215         608         10            7         10         85          95       
  80      47         47            13         444         942         10           -2          1         90          95       
  81      49         58            10         249         580         10           11         13         85          90       
  82      27         43             9          14         506         10           11         13         85          90       
  83      37         31            14          19         566         10            7         10         85          95       
  84      57         29            18         259         650         10           13         15         85          95       
  85      63         23             2         198         609         10            1          1         95          96       
  86      21         24            28         212         605         10            4          6         90          95       
  87      12         24            13         272         565         10            1          5         85          91       
  88      24         58            19          90         549         10            7         10         85          95       
  89      67          5            25         325         897         10            7         10         85          95       
  90      37         47             6         204         633         10           -2          1         90          95       
  91      49         42            13         442         937         10            0          1         90          95       
  92      53         43            14          14         581         10           10         12         85          95       
  93      61         52             3         373         928         10           -1          0         90          95       
  94      57         48            23         265         638         10            3          5         85          90       
  95      56         37             6          20         539         10           -1          7         80          85       
  96      55         54            26         418         825         10            8         10         85          95       
  97       4         18            35         426         787         10           10         10         85          95       
  98      26         52             9          14         499         10           -1          7         80          85       
  99      26         35            15         149         586         10            1          5         85          91       
 100      31         67             3         356         930         10           -1          7         80          85       
