RANGE
4265.95
NUMBER     CAPACITY      CAPACITY      beta      flight              sl              F
5     200                20                3.1125               30            2400              30


CUSTOMER
CUST NO.  XCOORD.   YCOORD.    DEMAND   READY TIME  DUE DATE   SERVICE   TIME   TL (°C)   TU (°C)   HL (%)   HU (%)   LAUNCH TIME
   0      40         50             0           0         240          0           -4         15         80         100       
   1      25         85            20         125         191         10            0          2         85          90       
   2      22         75            30          32          97         10            4          6         90          95       
   3      22         85            10         101         146         10            2          4         85          95       
   4      20         80            40          71         193         10           10         12         85          95       
   5      20         85            20          40         113         10            1          5         85          91       
   6      18         75            20          55         164         10            4          9         85          90       
   7      15         75            20          69         118         10            0          0         90          95       
   8      15         80            10          56         155         10            7         10         85          95       
   9      10         35            20          51         160         10           13         15         85          95       
  10      10         40            30          90         177         10            0          2         85          90       
  11       8         40            40          33         152         10           -2          1         90          95       
  12       8         45            20          49         108         10            7         10         85          95       
  13       5         35            10          62         191         10            5          5         85          90       
  14       5         45            10          35         117         10            1          1         95          96       
  15       2         40            20          39         161         10           -2          1         90          95       
  16       0         40            20          59         114         10            3          5         85          90       
  17       0         45            20          60         189         10           10         10         85          95       
  18      44          5            20          79         124         10            5          5         90          90       
  19      42         10            40          58         115         10            0          0         90          95       
  20      42         15            10         111         162         10            2          4         85          95       
  21      40          5            10          52         111         10           -1          7         80          85       
  22      40         15            40          55         158         10           10         12         85          95       
  23      38          5            30          45         164         10            0          1         90          95       
  24      38         15            10         128         194         10            0          0         90          95       
  25      35          5            20          54         184         10            1          1         95          96       
  26      95         30            30         105         154         10           -4          1         85          90       
  27      95         35            20          57         172         10            7         10         85          95       
  28      92         30            10          55         120         10            0          1         90          95       
  29      90         35            10          52         112         10            5          5         85          90       
  30      88         30            10          52         159         10           -2          1         90          95       
  31      88         35            20          50         110         10            1          5         85          91       
  32      87         30            10         116         175         10            5          5         85          90       
  33      85         25            10          51         178         10           -1          0         90          90       
  34      85         35            30         100         151         10            5          5         90          90       
  35      67         85            20          61         185         10            4          5         85          95       
  36      65         85            40          43         186         10            4          6         90          95       
  37      65         82            10         113         164         10            8         10         85          95       
  38      62         80            30          37         148         10            2          5         85          90       
  39      60         80            10          36         191         10           11         13         85          90       
  40      60         85            30          50         149         10            0          1         80          85       
  41      58         75            20          48         165         10            2          4         85          95       
  42      55         80            10          33         166         10            0          3         85          91       
  43      55         85            20         117         168         10            5          5         90          90       
  44      55         82            10          35         148         10            5          5         90          90       
  45      20         82            10          37         177         10           10         12         85          95       
  46      18         80            10          98         157         10            0          0         95         100       
  47       2         45            10          38         109         10            8         10         85          95       
  48      42          5            10         120         184         10            0          1         80          85       
  49      42         12            10          79         158         10            4          9         85          90       
  50      72         35            30         104         157         10           -1          0         90          90       
  51      55         20            19          69         126         10           -1          7         80          85       
  52      25         30             3          36          97         10            2          4         85          95       
  53      20         50             5          57         154         10           11         13         85          90       
  54      55         60            16         127         180         10            3          5         85          90       
  55      30         60            16          95         214         10            0          2         85          90       
  56      50         35            19          88         201         10            1          1         95          96       
  57      30         25            23          82         139         10           10         12         85          95       
  58      15         10            20          56         182         10           10         10         85          95       
  59      10         20            19          42         125         10           -2          1         90          95       
  60      15         60            17         137         202         10           -4          1         85          90       
  61      45         65             9          55         106         10            0          2         90          95       
  62      65         35             3          29         158         10            2          4         85          95       
  63      65         20             6          39         108         10            7         10         85          95       
  64      45         30            17          20         139         10            8         10         85          95       
  65      35         40            16          11         140         10            2          4         85          95       
  66      41         37            16          92         203         10            0          0         90          95       
  67      64         42             9          28         141         10            7         10         85          95       
  68      40         60            21         100         217         10           13         15         85          95       
  69      31         52            27           9         134         10           -1          7         80          85       
  70      35         69            23          60         210         10           -4          1         85          90       
  71      65         55            14          52         107         10            8         10         85          95       
  72      63         65             8          27         101         10            2          4         85          95       
  73       2         60             5          65         118         10            0          2         90          95       
  74      20         20             8          72         193         10           -1          0         90          90       
  75       5          5            16          60         117         10            0          3         85          91       
  76      60         12            31          42         143         10            7         10         85          95       
  77      23          3             7          52         180         10           -1          0         90          90       
  78       8         56            27          46         163         10            4          9         85          90       
  79       6         68            30          54         153         10            5          5         85          90       
  80      47         47            13          97         222         10            2          4         85          95       
  81      49         58            10          80         121         10            2          5         85          90       
  82      27         43             9          26          87         10            0          1         90          95       
  83      37         31            14          19          87         10           10         12         85          95       
  84      57         29            18          62         159         10            5          5         90          90       
  85      63         23             2          76         127         10            2          4         85          95       
  86      21         24            28          77         126         10            1          5         85          91       
  87      12         24            13          68         141         10            5          5         85          90       
  88      24         58            19          24         139         10           -1          7         80          85       
  89      67          5            25         105         177         10            1          5         85          91       
  90      37         47             6          74         127         10            5          5         90          90       
  91      49         42            13         151         212         10            5          5         90          90       
  92      53         43            14          14         155         10           -4          1         85          90       
  93      61         52             3          69         208         10           13         14         90          95       
  94      57         48            23          86         133         10            0          1         80          85       
  95      56         37             6          20          84         10            0          1         90          95       
  96      55         54            26         121         172         10            0          3         85          91       
  97       4         18            35         112         157         10            0          0         90          95       
  98      26         52             9          30          91         10            0          3         85          91       
  99      26         35            15          37         146         10            0          1         80          85       
 100      31         67             3          66         210         10            0          3         85          91       
