RANGE
4265.95
NUMBER     CAPACITY      CAPACITY      beta      flight              sl              F
5     200                20                3.1125               30            2400              30


CUSTOMER
CUST NO.  XCOORD.   YCOORD.    DEMAND   READY TIME  DUE DATE   SERVICE   TIME   TL (°C)   TU (°C)   HL (%)   HU (%)   LAUNCH TIME
   0      40         50             0           0         240          0           -4         15         80         100       
   1      25         85            20           0         191         10            0          2         85          90       
   2      22         75            30           0         199         10            7         10         85          95       
   3      22         85            10           0         190         10            7         10         85          95       
   4      20         80            40         141         171         10            2          4         85          95       
   5      20         85            20           0         189         10            3          5         85          90       
   6      18         75            20          95         125         10            7         10         85          95       
   7      15         75            20           0         194         10           -1          7         80          85       
   8      15         80            10          91         121         10           11         13         85          90       
   9      10         35            20          91         121         10            5          5         90          90       
  10      10         40            30         119         149         10            5          5         85          90       
  11       8         40            40          59          89         10           -1          0         90          95       
  12       8         45            20           0         197         10            1          5         85          91       
  13       5         35            10         142         172         10            1          1         95          96       
  14       5         45            10           0         194         10            0          0         95         100       
  15       2         40            20          58          88         10            2          4         85          95       
  16       0         40            20           0         188         10           13         14         90          95       
  17       0         45            20         149         179         10            0          2         90          95       
  18      44          5            20           0         184         10            2          4         85          95       
  19      42         10            40           0         189         10           11         13         85          90       
  20      42         15            10           0         194         10            5          5         85          90       
  21      40          5            10           0         185         10            5          5         90          90       
  22      40         15            40          92         122         10            4          6         90          95       
  23      38          5            30          65          95         10            5          5         85          90       
  24      38         15            10           0         194         10            2          5         85          90       
  25      35          5            20         154         184         10           -4          1         85          90       
  26      95         30            30           0         171         10            0          0         90          95       
  27      95         35            20          62          92         10            8         10         85          95       
  28      92         30            10           0         174         10           -2          1         90          95       
  29      90         35            10           0         177         10           11         13         85          90       
  30      88         30            10          74         104         10           -1          0         90          90       
  31      88         35            20           0         179         10           13         14         90          95       
  32      87         30            10           0         178         10           -1          0         85          90       
  33      85         25            10          51          81         10           13         15         85          95       
  34      85         35            30           0         182         10            4          6         90          95       
  35      67         85            20         139         169         10           11         13         85          90       
  36      65         85            40          43          73         10            1          1         95          96       
  37      65         82            10           0         189         10            7         10         85          95       
  38      62         80            30          75         105         10            4          9         85          90       
  39      60         80            10          37          67         10           -4          1         85          90       
  40      60         85            30          85         115         10            1          5         85          91       
  41      58         75            20          92         122         10            0          1         90          95       
  42      55         80            10          33          63         10            2          4         85          95       
  43      55         85            20           0         191         10            0          2         90          95       
  44      55         82            10          64          94         10           -1          0         85          90       
  45      20         82            10          37          67         10            0          2         85          90       
  46      18         80            10           0         192         10           -1          7         80          85       
  47       2         45            10           0         191         10           13         15         85          95       
  48      42          5            10           0         184         10           -1          7         80          85       
  49      42         12            10         104         134         10           10         10         85          95       
  50      72         35            30           0         194         10           -1          0         90          90       
  51      55         20            19           0         196         10            0          0         90          95       
  52      25         30             3           0         205         10           -1          7         80          85       
  53      20         50             5          91         121         10            3          5         85          90       
  54      55         60            16           0         211         10            2          5         85          90       
  55      30         60            16         140         170         10            7         10         85          95       
  56      50         35            19         130         160         10           11         13         85          90       
  57      30         25            23           0         203         10            1          5         85          91       
  58      15         10            20         152         182         10           -4          1         85          90       
  59      10         20            19           0         187         10            8         10         85          95       
  60      15         60            17           0         203         10            4          6         90          95       
  61      45         65             9           0         214         10            1          5         85          91       
  62      65         35             3          52          82         10            2          4         85          95       
  63      65         20             6           0         190         10           13         14         90          95       
  64      45         30            17          53          83         10           -1          7         80          85       
  65      35         40            16          11          41         10            2          5         85          90       
  66      41         37            16         133         163         10           13         15         85          95       
  67      64         42             9          70         100         10            3          5         85          90       
  68      40         60            21         144         174         10           10         10         85          95       
  69      31         52            27          41          71         10           -4          1         85          90       
  70      35         69            23         180         210         10            5          5         85          90       
  71      65         55            14           0         204         10           -1          7         80          85       
  72      63         65             8           0         202         10            0          1         80          85       
  73       2         60             5           0         190         10            4          5         85          95       
  74      20         20             8         141         171         10           11         13         85          90       
  75       5          5            16           0         172         10           10         12         85          95       
  76      60         12            31          75         105         10            2          5         85          90       
  77      23          3             7         150         180         10            0          3         85          91       
  78       8         56            27          90         120         10           -1          7         80          85       
  79       6         68            30          89         119         10           13         14         90          95       
  80      47         47            13         192         222         10            0          2         90          95       
  81      49         58            10           0         217         10           10         12         85          95       
  82      27         43             9           0         215         10            0          0         90          95       
  83      37         31            14           0         210         10           10         10         85          95       
  84      57         29            18          96         126         10            1          5         85          91       
  85      63         23             2           0         194         10            0          1         80          85       
  86      21         24            28           0         197         10           13         15         85          95       
  87      12         24            13          90         120         10            0          1         90          95       
  88      24         58            19          67          97         10           13         15         85          95       
  89      67          5            25           0         177         10            7         10         85          95       
  90      37         47             6           0         225         10           -1          7         80          85       
  91      49         42            13           0         217         10            1          1         95          96       
  92      53         43            14          14          44         10            5          5         85          90       
  93      61         52             3         178         208         10           -2          1         90          95       
  94      57         48            23           0         212         10           -1          7         80          85       
  95      56         37             6           0         209         10            7         10         85          95       
  96      55         54            26           0         214         10           11         13         85          90       
  97       4         18            35           0         181         10            0          2         90          95       
  98      26         52             9           0         215         10            4          6         90          95       
  99      26         35            15          77         107         10           -1          7         80          85       
 100      31         67             3         180         210         10            5          5         90          90       
