RANGE
4265.9
NUMBER     CAPACITY      CAPACITY      beta      flight              sl              F
    25        200                20         3.1125          30            2400.0      30.0


CUSTOMER
CUST NO. XCOORD. YCOORD. DEMAND READY TIME DUE DATE SERVICE TIME TL (°C) TU (°C) HL (%) HU (%)
       0      40.0       50.0       0.0          0.0    1236.0        0.0     -4.0     15.0     80.0    100.0
       1      45.0       70.0      30.0        802.0     893.0       90.0      0.0      0.0     95.0    100.0
       2      35.0       66.0      10.0        331.0     436.0       90.0      1.0      1.0     95.0     96.0
       3      22.0       85.0      10.0        541.0     646.0       90.0      5.0      5.0     90.0     90.0
       4      15.0       80.0      10.0        244.0     379.0       90.0      4.0      6.0     90.0     95.0
       5      30.0       52.0      20.0        888.0     991.0       90.0     10.0     10.0     85.0     95.0
       6      28.0       55.0      10.0        709.0     800.0       90.0      0.0      0.0     90.0     95.0
       7      25.0       50.0      10.0         25.0     184.0       90.0     -1.0      7.0     80.0     85.0
       8      23.0       52.0      10.0        234.0     343.0       90.0      0.0      3.0     85.0     91.0
       9      20.0       50.0      10.0        335.0     428.0       90.0     -1.0      0.0     90.0     95.0
      10       5.0       35.0      10.0        252.0     375.0       90.0      3.0      5.0     85.0     90.0
      11       0.0       45.0      20.0        538.0     653.0       90.0     13.0     15.0     85.0     95.0
      12      30.0       30.0      10.0        512.0     629.0       90.0      4.0      6.0     90.0     95.0
      13      30.0       32.0      30.0        417.0     540.0       90.0      0.0      1.0     80.0     85.0
      14      25.0       35.0      10.0        883.0     998.0       90.0      4.0      9.0     85.0     90.0
      15      40.0        5.0      30.0        359.0     462.0       90.0      0.0      1.0     80.0     85.0
      16      40.0       15.0      40.0         35.0     140.0       90.0      1.0      5.0     85.0     91.0
      17      50.0       40.0      50.0        147.0     242.0       90.0      4.0      6.0     90.0     95.0
      18      48.0       30.0      10.0        601.0     724.0       90.0      2.0      4.0     85.0     95.0
      19      45.0       30.0      10.0        712.0     799.0       90.0      4.0      5.0     85.0     95.0
      20      95.0       35.0      20.0        260.0     393.0       90.0     11.0     13.0     85.0     90.0
      21      53.0       30.0      10.0        422.0     533.0       90.0     -1.0      0.0     90.0     95.0
      22      72.0       55.0      10.0        228.0     375.0       90.0      0.0      3.0     85.0     91.0
      23      65.0       60.0      30.0        614.0     739.0       90.0     -1.0      0.0     90.0     95.0
      24      60.0       55.0      10.0         20.0     148.0       90.0      8.0     10.0     85.0     95.0
      25      60.0       80.0      10.0         64.0     187.0       90.0     -4.0      1.0     85.0     90.0
      26      40.0       50.0       0.0          0.0    1236.0        0.0     -4.0     15.0     80.0    100.0
