RANGE
4265.9
NUMBER     CAPACITY      CAPACITY      beta      flight              sl              F
    25        200                20         3.1125          30            2400.0      30.0


CUSTOMER
CUST NO. XCOORD. YCOORD. DEMAND READY TIME DUE DATE SERVICE TIME TL (°C) TU (°C) HL (%) HU (%)
       0      40.0       50.0       0.0          0.0    1236.0        0.0     -4.0     15.0     80.0    100.0
       1      38.0       70.0      10.0        429.0     710.0       90.0     10.0     10.0     85.0     95.0
       2      35.0       69.0      10.0        363.0     590.0       90.0      4.0      9.0     85.0     90.0
       3      22.0       85.0      10.0        489.0     698.0       90.0      2.0      4.0     85.0     95.0
       4      15.0       75.0      20.0         68.0     365.0       90.0     13.0     15.0     85.0     95.0
       5      15.0       80.0      10.0        176.0     447.0       90.0      0.0      2.0     90.0     95.0
       6      25.0       50.0      10.0         15.0     333.0       90.0      0.0      0.0     90.0     95.0
       7      23.0       52.0      10.0        179.0     398.0       90.0      0.0      3.0     85.0     91.0
       8      23.0       55.0      20.0        476.0     663.0       90.0      8.0     10.0     85.0     95.0
       9      20.0       55.0      10.0        368.0     585.0       90.0      1.0      1.0     95.0     96.0
      10      10.0       35.0      20.0        144.0     293.0       90.0     10.0     10.0     85.0     95.0
      11       8.0       40.0      40.0         33.0     313.0       90.0     -4.0      1.0     85.0     90.0
      12       5.0       35.0      10.0        191.0     436.0       90.0      0.0      3.0     85.0     91.0
      13       0.0       40.0      30.0        414.0     587.0       90.0      4.0      9.0     85.0     90.0
      14      33.0       32.0      20.0         19.0     345.0       90.0     -4.0      1.0     85.0     90.0
      15      42.0       10.0      40.0         78.0     365.0       90.0      1.0      5.0     85.0     91.0
      16      38.0        5.0      30.0        376.0     629.0       90.0      2.0      5.0     85.0     90.0
      17      47.0       35.0      10.0        753.0     948.0       90.0     -1.0      7.0     80.0     85.0
      18      95.0       35.0      20.0        194.0     459.0       90.0      5.0      5.0     85.0     90.0
      19      90.0       35.0      10.0        119.0     344.0       90.0     -1.0      0.0     90.0     95.0
      20      70.0       58.0      20.0        360.0     621.0       90.0      4.0      9.0     85.0     90.0
      21      68.0       60.0      30.0        470.0     697.0       90.0     11.0     13.0     85.0     90.0
      22      60.0       80.0      10.0         36.0     283.0       90.0     10.0     10.0     85.0     95.0
      23      58.0       75.0      20.0         30.0     248.0       90.0      0.0      2.0     90.0     95.0
      24      55.0       80.0      10.0        628.0     935.0       90.0     -1.0      0.0     90.0     95.0
      25      55.0       85.0      20.0        530.0     843.0       90.0     10.0     12.0     85.0     95.0
      26      40.0       50.0       0.0          0.0    1236.0        0.0     -4.0     15.0     80.0    100.0
