RANGE
4265.9
NUMBER     CAPACITY      CAPACITY      beta      flight              sl              F
    25        200                20         3.1125          30            2400.0      30.0


CUSTOMER
CUST NO. XCOORD. YCOORD. DEMAND READY TIME DUE DATE SERVICE TIME TL (°C) TU (°C) HL (%) HU (%)
       0      40.0       50.0       0.0          0.0    1236.0        0.0     -4.0     15.0     80.0    100.0
       1      45.0       70.0      30.0        758.0     938.0       90.0      8.0     10.0     85.0     95.0
       2      40.0       69.0      20.0        572.0     752.0       90.0      1.0      1.0     95.0     96.0
       3      40.0       66.0      20.0        108.0     288.0       90.0      0.0      2.0     90.0     95.0
       4      35.0       69.0      10.0        387.0     567.0       90.0      0.0      1.0     80.0     85.0
       5      22.0       75.0      30.0         30.0     210.0       90.0      0.0      1.0     80.0     85.0
       6      20.0       80.0      40.0        317.0     497.0       90.0     -1.0      0.0     90.0     95.0
       7      15.0       80.0      10.0        222.0     402.0       90.0     -1.0      0.0     90.0     90.0
       8      28.0       55.0      10.0        665.0     845.0       90.0     13.0     14.0     90.0     95.0
       9      25.0       52.0      40.0        107.0     287.0       90.0      5.0      5.0     90.0     90.0
      10      23.0       52.0      10.0        199.0     379.0       90.0      4.0      9.0     85.0     90.0
      11      10.0       40.0      30.0         31.0     211.0       90.0      0.0      0.0     90.0     95.0
      12       8.0       45.0      20.0        694.0     874.0       90.0      0.0      0.0     90.0     95.0
      13      33.0       32.0      20.0         19.0     199.0       90.0      0.0      3.0     85.0     91.0
      14      33.0       35.0      10.0         16.0     196.0       90.0      5.0      5.0     85.0     90.0
      15      30.0       32.0      30.0        389.0     569.0       90.0     -4.0      1.0     85.0     90.0
      16      25.0       35.0      10.0        851.0    1031.0       90.0     11.0     13.0     85.0     90.0
      17      40.0        5.0      30.0        321.0     501.0       90.0     10.0     10.0     85.0     95.0
      18      47.0       40.0      10.0         12.0     192.0       90.0     10.0     10.0     85.0     95.0
      19      95.0       30.0      30.0        332.0     512.0       90.0     10.0     12.0     85.0     95.0
      20      53.0       35.0      50.0        293.0     473.0       90.0      8.0     10.0     85.0     95.0
      21      45.0       65.0      20.0        943.0    1123.0       90.0      5.0      5.0     90.0     90.0
      22      65.0       60.0      30.0        587.0     767.0       90.0      0.0      0.0     90.0     95.0
      23      63.0       58.0      10.0        680.0     860.0       90.0      4.0      5.0     85.0     95.0
      24      62.0       80.0      30.0        128.0     308.0       90.0     11.0     13.0     85.0     90.0
      25      55.0       80.0      10.0        692.0     872.0       90.0      5.0      5.0     90.0     90.0
      26      40.0       50.0       0.0          0.0    1236.0        0.0     -4.0     15.0     80.0    100.0
