RANGE
4265.9
NUMBER     CAPACITY      CAPACITY      beta      flight              sl              F
    25        200                20         3.1125          30            2400.0      30.0


CUSTOMER
CUST NO. XCOORD. YCOORD. DEMAND READY TIME DUE DATE SERVICE TIME TL (°„C) TU (°„C) HL (%) HU (%)
       0      40.0       50.0       0.0          0.0    1236.0        0.0     -4.0     15.0     80.0    100.0
       1      45.0       70.0      30.0        825.0     870.0       90.0      2.0      5.0     85.0     90.0
       2      22.0       75.0      30.0         30.0      92.0       90.0      8.0     10.0     85.0     95.0
       3      22.0       85.0      10.0        567.0     620.0       90.0      1.0      1.0     95.0     96.0
       4      25.0       52.0      40.0        169.0     224.0       90.0      2.0      5.0     85.0     90.0
       5       8.0       45.0      20.0        751.0     816.0       90.0     -1.0      0.0     85.0     90.0
       6       5.0       35.0      10.0        283.0     344.0       90.0      0.0      3.0     85.0     91.0
       7       2.0       40.0      20.0        383.0     434.0       90.0     -1.0      0.0     85.0     90.0
       8       0.0       40.0      30.0        479.0     522.0       90.0     10.0     10.0     85.0     95.0
       9      35.0       30.0      10.0        264.0     321.0       90.0      4.0      9.0     85.0     90.0
      10      32.0       30.0      10.0        359.0     412.0       90.0      0.0      2.0     90.0     95.0
      11      30.0       32.0      30.0        448.0     509.0       90.0     -1.0      0.0     90.0     90.0
      12      42.0       15.0      10.0         95.0     158.0       90.0     -1.0      0.0     85.0     90.0
      13      40.0        5.0      30.0        385.0     436.0       90.0     10.0     10.0     85.0     95.0
      14      35.0        5.0      20.0        562.0     629.0       90.0     -4.0      1.0     85.0     90.0
      15      50.0       35.0      20.0        262.0     317.0       90.0     -1.0      7.0     80.0     85.0
      16      45.0       30.0      10.0        734.0     777.0       90.0      2.0      5.0     85.0     90.0
      17      53.0       30.0      10.0        450.0     505.0       90.0      4.0      6.0     90.0     95.0
      18      45.0       65.0      20.0        997.0    1068.0       90.0      4.0      9.0     85.0     90.0
      19      88.0       35.0      20.0        109.0     170.0       90.0      4.0      6.0     90.0     95.0
      20      85.0       25.0      10.0        769.0     820.0       90.0     -1.0      7.0     80.0     85.0
      21      85.0       35.0      30.0         47.0     124.0       90.0      7.0     10.0     85.0     95.0
      22      75.0       55.0      20.0        369.0     420.0       90.0     -1.0      0.0     90.0     95.0
      23      66.0       55.0      10.0        173.0     238.0       90.0     -4.0      1.0     85.0     90.0
      24      65.0       55.0      20.0         85.0     144.0       90.0      0.0      3.0     85.0     91.0
      25      55.0       85.0      20.0        647.0     726.0       90.0      0.0      3.0     85.0     91.0
      26      40.0       50.0       0.0          0.0    1236.0        0.0     -4.0     15.0     80.0    100.0
