RANGE
4265.9
NUMBER     CAPACITY      CAPACITY      beta      flight              sl              F
    25        200                20         3.1125          30            2400.0      30.0


CUSTOMER
CUST NO. XCOORD. YCOORD. DEMAND READY TIME DUE DATE SERVICE TIME TL (°„C) TU (°„C) HL (%) HU (%)
       0      40.0       50.0       0.0          0.0    1236.0        0.0     -4.0     15.0     80.0    100.0
       1      20.0       80.0      40.0        384.0     429.0       90.0      8.0     10.0     85.0     95.0
       2      25.0       50.0      10.0         65.0     144.0       90.0      4.0      6.0     90.0     95.0
       3      23.0       52.0      10.0        261.0     316.0       90.0      0.0      2.0     90.0     95.0
       4      10.0       40.0      30.0         31.0     100.0       90.0      0.0      2.0     90.0     95.0
       5       8.0       40.0      40.0         87.0     158.0       90.0      1.0      5.0     85.0     91.0
       6       5.0       45.0      10.0        665.0     716.0       90.0      5.0      5.0     90.0     90.0
       7      33.0       35.0      10.0         16.0      80.0       90.0     -4.0      1.0     85.0     90.0
       8      30.0       30.0      10.0        541.0     600.0       90.0     -1.0      7.0     80.0     85.0
       9      44.0        5.0      20.0        286.0     347.0       90.0      1.0      1.0     95.0     96.0
      10      42.0       10.0      40.0        186.0     257.0       90.0     -1.0      0.0     90.0     95.0
      11      42.0       15.0      10.0         95.0     158.0       90.0     -1.0      0.0     85.0     90.0
      12      47.0       35.0      10.0        826.0     875.0       90.0      4.0      5.0     85.0     95.0
      13      95.0       30.0      30.0        387.0     456.0       90.0      7.0     10.0     85.0     95.0
      14      53.0       30.0      10.0        450.0     505.0       90.0      4.0      6.0     90.0     95.0
      15      85.0       25.0      10.0        769.0     820.0       90.0     -1.0      7.0     80.0     85.0
      16      85.0       35.0      30.0         47.0     124.0       90.0      7.0     10.0     85.0     95.0
      17      70.0       58.0      20.0        458.0     523.0       90.0      2.0      5.0     85.0     90.0
      18      66.0       55.0      10.0        173.0     238.0       90.0     -4.0      1.0     85.0     90.0
      19      65.0       55.0      20.0         85.0     144.0       90.0      0.0      3.0     85.0     91.0
      20      63.0       58.0      10.0        737.0     802.0       90.0      1.0      5.0     85.0     91.0
      21      60.0       55.0      10.0         20.0      84.0       90.0      1.0      1.0     95.0     96.0
      22      60.0       60.0      10.0        836.0     889.0       90.0     -4.0      1.0     85.0     90.0
      23      65.0       85.0      40.0        475.0     518.0       90.0     13.0     14.0     90.0     95.0
      24      62.0       80.0      30.0        196.0     239.0       90.0     -1.0      0.0     85.0     90.0
      25      55.0       85.0      20.0        647.0     726.0       90.0      0.0      3.0     85.0     91.0
      26      40.0       50.0       0.0          0.0    1236.0        0.0     -4.0     15.0     80.0    100.0
