RANGE
4265.9
NUMBER     CAPACITY      CAPACITY      beta      flight              sl              F
    25        200                20         3.1125          30            2400.0      30.0


CUSTOMER
CUST NO. XCOORD. YCOORD. DEMAND READY TIME DUE DATE SERVICE TIME TL (°„C) TU (°„C) HL (%) HU (%)
       0      35.0       35.0       0.0          0.0     230.0        0.0     -4.0     15.0     80.0    100.0
       1      55.0       20.0      19.0        149.0     159.0       10.0     13.0     15.0     85.0     95.0
       2      15.0       30.0      26.0         34.0      44.0       10.0      0.0      0.0     90.0     95.0
       3      20.0       50.0       5.0         81.0      91.0       10.0      4.0      9.0     85.0     90.0
       4      30.0        5.0       8.0         61.0      71.0       10.0     -1.0      7.0     80.0     85.0
       5       5.0       30.0       2.0        157.0     167.0       10.0     -2.0      1.0     90.0     95.0
       6      65.0       20.0       6.0        172.0     182.0       10.0      7.0     10.0     85.0     95.0
       7      45.0       30.0      17.0        132.0     142.0       10.0     13.0     15.0     85.0     95.0
       8      64.0       42.0       9.0         63.0      73.0       10.0      1.0      1.0     95.0     96.0
       9      11.0       14.0      18.0         69.0      79.0       10.0      4.0      5.0     85.0     95.0
      10       6.0       68.0      30.0        108.0     118.0       10.0      0.0      2.0     90.0     95.0
      11      49.0       58.0      10.0         88.0      98.0       10.0      7.0     10.0     85.0     95.0
      12      37.0       31.0      14.0         95.0     105.0       10.0      1.0      5.0     85.0     91.0
      13      12.0       24.0      13.0         76.0      86.0       10.0      4.0      9.0     85.0     90.0
      14      62.0       77.0      20.0         51.0      61.0       10.0      0.0      2.0     85.0     90.0
      15      37.0       47.0       6.0         50.0      60.0       10.0      0.0      0.0     90.0     95.0
      16      37.0       56.0       5.0        182.0     192.0       10.0      0.0      0.0     95.0    100.0
      17      57.0       68.0      15.0         77.0      87.0       10.0     -1.0      0.0     90.0     90.0
      18      47.0       16.0      25.0         35.0      45.0       10.0      0.0      1.0     90.0     95.0
      19      49.0       11.0      18.0         69.0      79.0       10.0      7.0     10.0     85.0     95.0
      20      15.0       47.0      16.0         55.0      65.0       10.0     -1.0      0.0     90.0     90.0
      21      14.0       37.0      11.0         44.0      54.0       10.0     10.0     12.0     85.0     95.0
      22      16.0       22.0      41.0         91.0     101.0       10.0      5.0      5.0     90.0     90.0
      23      31.0       67.0       3.0         95.0     105.0       10.0     -1.0      0.0     90.0     90.0
      24      22.0       22.0       2.0         18.0      28.0       10.0     10.0     12.0     85.0     95.0
      25      19.0       21.0      10.0         58.0      68.0       10.0      2.0      5.0     85.0     90.0
      26      35.0       35.0       0.0          0.0     230.0        0.0     -4.0     15.0     80.0    100.0
