RANGE
4265.9
NUMBER     CAPACITY      CAPACITY      beta      flight              sl              F
    25        200                20         3.1125          30            2400.0      30.0


CUSTOMER
CUST NO. XCOORD. YCOORD. DEMAND READY TIME DUE DATE SERVICE TIME TL (°„C) TU (°„C) HL (%) HU (%)
       0      40.0       50.0       0.0          0.0    1236.0        0.0     -4.0     15.0     80.0    100.0
       1      42.0       66.0      10.0         65.0     146.0       90.0      4.0      9.0     85.0     90.0
       2      38.0       68.0      20.0        255.0     324.0       90.0     -1.0      0.0     85.0     90.0
       3      25.0       85.0      20.0        652.0     721.0       90.0     -1.0      7.0     80.0     85.0
       4      22.0       75.0      30.0         30.0      92.0       90.0      8.0     10.0     85.0     95.0
       5      15.0       75.0      20.0        179.0     254.0       90.0      1.0      5.0     85.0     91.0
       6      30.0       52.0      20.0        914.0     965.0       90.0      7.0     10.0     85.0     95.0
       7      25.0       50.0      10.0         65.0     144.0       90.0      4.0      6.0     90.0     95.0
       8       0.0       45.0      20.0        567.0     624.0       90.0     -1.0      0.0     90.0     95.0
       9      33.0       35.0      10.0         16.0      80.0       90.0     -4.0      1.0     85.0     90.0
      10      32.0       30.0      10.0        359.0     412.0       90.0      0.0      2.0     90.0     95.0
      11      30.0       30.0      10.0        541.0     600.0       90.0     -1.0      7.0     80.0     85.0
      12      30.0       35.0      10.0       1054.0    1127.0       90.0     -1.0      0.0     90.0     95.0
      13      26.0       32.0      10.0        815.0     880.0       90.0      2.0      5.0     85.0     90.0
      14      44.0        5.0      20.0        286.0     347.0       90.0      1.0      1.0     95.0     96.0
      15      42.0       10.0      40.0        186.0     257.0       90.0     -1.0      0.0     90.0     95.0
      16      40.0        5.0      30.0        385.0     436.0       90.0     10.0     10.0     85.0     95.0
      17      38.0        5.0      30.0        471.0     534.0       90.0     -4.0      1.0     85.0     90.0
      18      38.0       15.0      10.0        651.0     740.0       90.0      4.0      5.0     85.0     95.0
      19      50.0       30.0      10.0        531.0     610.0       90.0      0.0      0.0     90.0     95.0
      20      45.0       35.0      10.0        916.0     969.0       90.0      0.0      0.0     90.0     95.0
      21      70.0       58.0      20.0        458.0     523.0       90.0      2.0      5.0     85.0     90.0
      22      68.0       60.0      30.0        555.0     612.0       90.0      1.0      1.0     95.0     96.0
      23      66.0       55.0      10.0        173.0     238.0       90.0     -4.0      1.0     85.0     90.0
      24      62.0       80.0      30.0        196.0     239.0       90.0     -1.0      0.0     85.0     90.0
      25      60.0       85.0      30.0        561.0     622.0       90.0      5.0      5.0     85.0     90.0
      26      40.0       50.0       0.0          0.0    1236.0        0.0     -4.0     15.0     80.0    100.0
