RANGE
4265.9
NUMBER     CAPACITY      CAPACITY      beta      flight              sl              F
    25        200                20         3.1125          30            2400.0      30.0


CUSTOMER
CUST NO. XCOORD. YCOORD. DEMAND READY TIME DUE DATE SERVICE TIME TL (°„C) TU (°„C) HL (%) HU (%)
       0      40.0       50.0       0.0          0.0    1236.0        0.0     -4.0     15.0     80.0    100.0
       1      38.0       68.0      20.0        255.0     324.0       90.0     -1.0      0.0     85.0     90.0
       2      38.0       70.0      10.0        534.0     605.0       90.0      3.0      5.0     85.0     90.0
       3      35.0       69.0      10.0        448.0     505.0       90.0     -2.0      1.0     90.0     95.0
       4      22.0       75.0      30.0         30.0      92.0       90.0      8.0     10.0     85.0     95.0
       5      28.0       52.0      20.0        812.0     883.0       90.0      0.0      1.0     90.0     95.0
       6      20.0       55.0      10.0        449.0     504.0       90.0      1.0      5.0     85.0     91.0
       7      10.0       35.0      20.0        200.0     237.0       90.0      2.0      5.0     85.0     90.0
       8       5.0       45.0      10.0        665.0     716.0       90.0      5.0      5.0     90.0     90.0
       9       0.0       45.0      20.0        567.0     624.0       90.0     -1.0      0.0     90.0     95.0
      10      35.0       30.0      10.0        264.0     321.0       90.0      4.0      9.0     85.0     90.0
      11      35.0       32.0      10.0        166.0     235.0       90.0     -4.0      1.0     85.0     90.0
      12      42.0       15.0      10.0         95.0     158.0       90.0     -1.0      0.0     85.0     90.0
      13      38.0        5.0      30.0        471.0     534.0       90.0     -4.0      1.0     85.0     90.0
      14      38.0       15.0      10.0        651.0     740.0       90.0      4.0      5.0     85.0     95.0
      15      48.0       30.0      10.0        632.0     693.0       90.0     -1.0      0.0     90.0     95.0
      16      48.0       40.0      10.0         76.0     129.0       90.0      5.0      5.0     85.0     90.0
      17      47.0       40.0      10.0         12.0      77.0       90.0      1.0      1.0     95.0     96.0
      18      95.0       35.0      20.0        293.0     360.0       90.0     11.0     13.0     85.0     90.0
      19      92.0       30.0      10.0        478.0     551.0       90.0      8.0     10.0     85.0     95.0
      20      65.0       60.0      30.0        645.0     708.0       90.0     13.0     14.0     90.0     95.0
      21      67.0       85.0      20.0        368.0     441.0       90.0     10.0     10.0     85.0     95.0
      22      60.0       80.0      10.0         95.0     156.0       90.0      0.0      2.0     85.0     90.0
      23      60.0       85.0      30.0        561.0     622.0       90.0      5.0      5.0     85.0     90.0
      24      55.0       80.0      10.0        743.0     820.0       90.0     -1.0      0.0     90.0     90.0
      25      55.0       85.0      20.0        647.0     726.0       90.0      0.0      3.0     85.0     91.0
      26      40.0       50.0       0.0          0.0    1236.0        0.0     -4.0     15.0     80.0    100.0
