RANGE
4265.9
NUMBER     CAPACITY      CAPACITY      beta      flight              sl              F
    25        200                20         3.1125          30            2400.0      30.0


CUSTOMER
CUST NO. XCOORD. YCOORD. DEMAND READY TIME DUE DATE SERVICE TIME TL (°„C) TU (°„C) HL (%) HU (%)
       0      40.0       50.0       0.0          0.0    1236.0        0.0     -4.0     15.0     80.0    100.0
       1      45.0       68.0      10.0        912.0     967.0       90.0      0.0      0.0     90.0     95.0
       2      42.0       68.0      10.0        727.0     782.0       90.0     13.0     15.0     85.0     95.0
       3      20.0       80.0      40.0        384.0     429.0       90.0      8.0     10.0     85.0     95.0
       4      30.0       52.0      20.0        914.0     965.0       90.0      7.0     10.0     85.0     95.0
       5      20.0       55.0      10.0        449.0     504.0       90.0      1.0      5.0     85.0     91.0
       6      10.0       40.0      30.0         31.0     100.0       90.0      0.0      2.0     90.0     95.0
       7       8.0       40.0      40.0         87.0     158.0       90.0      1.0      5.0     85.0     91.0
       8       8.0       45.0      20.0        751.0     816.0       90.0     -1.0      0.0     85.0     90.0
       9       5.0       45.0      10.0        665.0     716.0       90.0      5.0      5.0     90.0     90.0
      10      32.0       30.0      10.0        359.0     412.0       90.0      0.0      2.0     90.0     95.0
      11      30.0       35.0      10.0       1054.0    1127.0       90.0     -1.0      0.0     90.0     95.0
      12      26.0       32.0      10.0        815.0     880.0       90.0      2.0      5.0     85.0     90.0
      13      25.0       30.0      10.0        725.0     786.0       90.0      8.0     10.0     85.0     95.0
      14      25.0       35.0      10.0        912.0     969.0       90.0      4.0      5.0     85.0     95.0
      15      35.0        5.0      20.0        562.0     629.0       90.0     -4.0      1.0     85.0     90.0
      16      48.0       40.0      10.0         76.0     129.0       90.0      5.0      5.0     85.0     90.0
      17      45.0       30.0      10.0        734.0     777.0       90.0      2.0      5.0     85.0     90.0
      18      45.0       35.0      10.0        916.0     969.0       90.0      0.0      0.0     90.0     95.0
      19      95.0       35.0      20.0        293.0     360.0       90.0     11.0     13.0     85.0     90.0
      20      90.0       35.0      10.0        203.0     260.0       90.0     10.0     12.0     85.0     95.0
      21      85.0       35.0      30.0         47.0     124.0       90.0      7.0     10.0     85.0     95.0
      22      60.0       60.0      10.0        836.0     889.0       90.0     -4.0      1.0     85.0     90.0
      23      65.0       82.0      10.0        285.0     336.0       90.0      7.0     10.0     85.0     95.0
      24      58.0       75.0      20.0         30.0      84.0       90.0     10.0     10.0     85.0     95.0
      25      55.0       85.0      20.0        647.0     726.0       90.0      0.0      3.0     85.0     91.0
      26      40.0       50.0       0.0          0.0    1236.0        0.0     -4.0     15.0     80.0    100.0
