RANGE
4265.9
NUMBER     CAPACITY      CAPACITY      beta      flight              sl              F
    25        200                20         3.1125          30            2400.0      30.0


CUSTOMER
CUST NO. XCOORD. YCOORD. DEMAND READY TIME DUE DATE SERVICE TIME TL (°C) TU (°C) HL (%) HU (%)
       0      40.0       50.0       0.0          0.0    3390.0        0.0     -4.0     15.0     80.0    100.0
       1      58.0       70.0      20.0       1059.0    1246.0       90.0     13.0     15.0     85.0     95.0
       2      34.0       60.0      20.0       2035.0    3288.0       90.0     10.0     10.0     85.0     95.0
       3      35.0       66.0      10.0       2311.0    3283.0       90.0      0.0      0.0     90.0     95.0
       4      15.0       80.0      10.0       1461.0    2372.0       90.0      0.0      3.0     85.0     91.0
       5      30.0       50.0      10.0         10.0     963.0       90.0     -1.0      7.0     80.0     85.0
       6      14.0       66.0      10.0       1316.0    2129.0       90.0     10.0     12.0     85.0     95.0
       7       8.0       45.0      20.0        954.0    1897.0       90.0     -2.0      1.0     90.0     95.0
       8       5.0       35.0      10.0        377.0    1534.0       90.0      0.0      0.0     95.0    100.0
       9       2.0       40.0      20.0        494.0    1607.0       90.0      2.0      5.0     85.0     90.0
      10       0.0       40.0      30.0        637.0    1648.0       90.0      5.0      5.0     85.0     90.0
      11      32.0       20.0      10.0       1621.0    2364.0       90.0      1.0      1.0     95.0     96.0
      12      30.0       30.0      10.0       1805.0    2564.0       90.0     13.0     14.0     90.0     95.0
      13      36.0       40.0      10.0       2605.0    3266.0       90.0     -4.0      1.0     85.0     90.0
      14      26.0       32.0      10.0       1842.0    2901.0       90.0     -1.0      0.0     90.0     95.0
      15      44.0        5.0      20.0       1078.0    1593.0       90.0      4.0      9.0     85.0     90.0
      16      38.0       15.0      40.0       1426.0    2183.0       90.0      0.0      1.0     90.0     95.0
      17      38.0        5.0      30.0       1133.0    1910.0       90.0      5.0      5.0     90.0     90.0
      18      38.0       10.0      10.0       1392.0    2027.0       90.0     13.0     14.0     90.0     95.0
      19      35.0        5.0      20.0       1180.0    2049.0       90.0      0.0      1.0     90.0     95.0
      20      44.0       25.0      10.0        704.0    1197.0       90.0      3.0      5.0     85.0     90.0
      21      53.0       30.0      10.0        131.0     644.0       90.0     -1.0      7.0     80.0     85.0
      22      90.0       35.0      10.0       2106.0    2315.0       90.0      0.0      0.0     90.0     95.0
      23      60.0       55.0      10.0       2789.0    3279.0       90.0      0.0      1.0     80.0     85.0
      24      60.0       85.0      30.0        537.0     816.0       90.0     -1.0      0.0     90.0     90.0
      25      58.0       75.0      20.0        948.0    1167.0       90.0      5.0      5.0     85.0     90.0
      26      40.0       50.0       0.0          0.0    3390.0        0.0     -4.0     15.0     80.0    100.0
