RANGE
4265.9
NUMBER     CAPACITY      CAPACITY      beta      flight              sl              F
    25        200                20         3.1125          30            2400.0      30.0


CUSTOMER
CUST NO. XCOORD. YCOORD. DEMAND READY TIME DUE DATE SERVICE TIME TL (°C) TU (°C) HL (%) HU (%)
       0      40.0       50.0       0.0          0.0    1236.0        0.0     -4.0     15.0     80.0    100.0
       1      35.0       66.0      10.0        357.0     410.0       90.0      4.0      9.0     85.0     90.0
       2      20.0       80.0      40.0        384.0     429.0       90.0      8.0     10.0     85.0     95.0
       3      18.0       75.0      20.0         99.0     148.0       90.0      1.0      5.0     85.0     91.0
       4      30.0       52.0      20.0        914.0     965.0       90.0      7.0     10.0     85.0     95.0
       5      28.0       52.0      20.0        812.0     883.0       90.0      0.0      1.0     90.0     95.0
       6      25.0       52.0      40.0        169.0     224.0       90.0      2.0      5.0     85.0     90.0
       7       8.0       40.0      40.0         87.0     158.0       90.0      1.0      5.0     85.0     91.0
       8       8.0       45.0      20.0        751.0     816.0       90.0     -1.0      0.0     85.0     90.0
       9       2.0       40.0      20.0        383.0     434.0       90.0     -1.0      0.0     85.0     90.0
      10       0.0       45.0      20.0        567.0     624.0       90.0     -1.0      0.0     90.0     95.0
      11      30.0       35.0      10.0       1054.0    1127.0       90.0     -1.0      0.0     90.0     95.0
      12      42.0       10.0      40.0        186.0     257.0       90.0     -1.0      0.0     90.0     95.0
      13      38.0       15.0      10.0        651.0     740.0       90.0      4.0      5.0     85.0     95.0
      14      48.0       30.0      10.0        632.0     693.0       90.0     -1.0      0.0     90.0     95.0
      15      47.0       40.0      10.0         12.0      77.0       90.0      1.0      1.0     95.0     96.0
      16      45.0       35.0      10.0        916.0     969.0       90.0      0.0      0.0     90.0     95.0
      17      53.0       35.0      50.0        353.0     412.0       90.0      3.0      5.0     85.0     90.0
      18      88.0       35.0      20.0        109.0     170.0       90.0      4.0      6.0     90.0     95.0
      19      85.0       25.0      10.0        769.0     820.0       90.0     -1.0      7.0     80.0     85.0
      20      70.0       58.0      20.0        458.0     523.0       90.0      2.0      5.0     85.0     90.0
      21      65.0       55.0      20.0         85.0     144.0       90.0      0.0      3.0     85.0     91.0
      22      63.0       58.0      10.0        737.0     802.0       90.0      1.0      5.0     85.0     91.0
      23      65.0       85.0      40.0        475.0     518.0       90.0     13.0     14.0     90.0     95.0
      24      65.0       82.0      10.0        285.0     336.0       90.0      7.0     10.0     85.0     95.0
      25      60.0       80.0      10.0         95.0     156.0       90.0      0.0      2.0     85.0     90.0
      26      40.0       50.0       0.0          0.0    1236.0        0.0     -4.0     15.0     80.0    100.0
