RANGE
4265.9
NUMBER     CAPACITY      CAPACITY      beta      flight              sl              F
     5        200                20         3.1125          30            2400.0      30.0


CUSTOMER
CUST NO. XCOORD. YCOORD. DEMAND READY TIME DUE DATE SERVICE TIME TL (°C) TU (°C) HL (%) HU (%)
       0      40.0       50.0       0.0          0.0    1236.0        0.0     -4.0     15.0     80.0    100.0
       1      38.0       70.0      10.0        534.0     605.0       90.0      3.0      5.0     85.0     90.0
       2      25.0       55.0      10.0        622.0     701.0       90.0      0.0      0.0     95.0    100.0
       3      30.0       35.0      10.0       1054.0    1127.0       90.0     -1.0      0.0     90.0     95.0
       4      26.0       32.0      10.0        815.0     880.0       90.0      2.0      5.0     85.0     90.0
       5      55.0       80.0      10.0        743.0     820.0       90.0     -1.0      0.0     90.0     90.0
       6      40.0       50.0       0.0          0.0    1236.0        0.0     -4.0     15.0     80.0    100.0
