RANGE
4265.9
NUMBER     CAPACITY      CAPACITY      beta      flight              sl              F
     5        200                20         3.1125          30            2400.0      30.0


CUSTOMER
CUST NO. XCOORD. YCOORD. DEMAND READY TIME DUE DATE SERVICE TIME TL (°C) TU (°C) HL (%) HU (%)
       0      40.0       50.0       0.0          0.0    1236.0        0.0     -4.0     15.0     80.0    100.0
       1      28.0       52.0      20.0        758.0     938.0       90.0      0.0      1.0     80.0     85.0
       2      33.0       32.0      20.0         19.0     199.0       90.0      0.0      3.0     85.0     91.0
       3      38.0        5.0      30.0        413.0     593.0       90.0     -4.0      1.0     85.0     90.0
       4      95.0       35.0      20.0        237.0     417.0       90.0      7.0     10.0     85.0     95.0
       5      92.0       30.0      10.0        425.0     605.0       90.0      0.0      2.0     85.0     90.0
       6      40.0       50.0       0.0          0.0    1236.0        0.0     -4.0     15.0     80.0    100.0
