RANGE
4265.9
NUMBER     CAPACITY      CAPACITY      beta      flight              sl              F
     5        200                20         3.1125          30            2400.0      30.0


CUSTOMER
CUST NO. XCOORD. YCOORD. DEMAND READY TIME DUE DATE SERVICE TIME TL (°C) TU (°C) HL (%) HU (%)
       0      40.0       50.0       0.0          0.0    3390.0        0.0     -4.0     15.0     80.0    100.0
       1      14.0       66.0      10.0       1519.0    1926.0       90.0      3.0      5.0     85.0     90.0
       2      40.0        5.0      30.0       1199.0    1660.0       90.0      2.0      5.0     85.0     90.0
       3      48.0       30.0      10.0        246.0     899.0       90.0     -4.0      1.0     85.0     90.0
       4      95.0       30.0      30.0       2119.0    2682.0       90.0     13.0     15.0     85.0     95.0
       5      53.0       35.0      50.0         87.0     498.0       90.0      1.0      5.0     85.0     91.0
       6      40.0       50.0       0.0          0.0    3390.0        0.0     -4.0     15.0     80.0    100.0
