RANGE
4265.9
NUMBER     CAPACITY      CAPACITY      beta      flight              sl              F
     5        200                20         3.1125          30            2400.0      30.0


CUSTOMER
CUST NO. XCOORD. YCOORD. DEMAND READY TIME DUE DATE SERVICE TIME TL (°C) TU (°C) HL (%) HU (%)
       0      40.0       50.0       0.0          0.0    1236.0        0.0     -4.0     15.0     80.0    100.0
       1      38.0       68.0      20.0        200.0     380.0       90.0     10.0     12.0     85.0     95.0
       2      30.0       35.0      10.0        947.0    1127.0       90.0      4.0      6.0     90.0     95.0
       3      40.0        5.0      30.0        321.0     501.0       90.0     10.0     10.0     85.0     95.0
       4      66.0       55.0      10.0        116.0     296.0       90.0      4.0      5.0     85.0     95.0
       5      62.0       80.0      30.0        128.0     308.0       90.0     11.0     13.0     85.0     90.0
       6      40.0       50.0       0.0          0.0    1236.0        0.0     -4.0     15.0     80.0    100.0
