RANGE
4265.9
NUMBER     CAPACITY      CAPACITY      beta      flight              sl              F
     5        200                20         3.1125          30            2400.0      30.0


CUSTOMER
CUST NO. XCOORD. YCOORD. DEMAND READY TIME DUE DATE SERVICE TIME TL (°C) TU (°C) HL (%) HU (%)
       0      40.0       50.0       0.0          0.0    1236.0        0.0     -4.0     15.0     80.0    100.0
       1      35.0       69.0      10.0        448.0     505.0       90.0     10.0     10.0     85.0     95.0
       2      20.0       80.0      40.0        384.0     429.0       90.0     -1.0      7.0     80.0     85.0
       3      15.0       75.0      20.0        179.0     254.0       90.0     10.0     10.0     85.0     95.0
       4      60.0       55.0      10.0         20.0      84.0       90.0      3.0      5.0     85.0     90.0
       5      60.0       85.0      30.0        561.0     622.0       90.0      0.0      1.0     80.0     85.0
       6      40.0       50.0       0.0          0.0    1236.0        0.0     -4.0     15.0     80.0    100.0
