RANGE
4265.9
NUMBER     CAPACITY      CAPACITY      beta      flight              sl              F
     5        200                20         3.1125          30            2400.0      30.0


CUSTOMER
CUST NO. XCOORD. YCOORD. DEMAND READY TIME DUE DATE SERVICE TIME TL (°C) TU (°C) HL (%) HU (%)
       0      40.0       50.0       0.0          0.0    3390.0        0.0     -4.0     15.0     80.0    100.0
       1      18.0       75.0      20.0       2143.0    2638.0       90.0      5.0      5.0     85.0     90.0
       2      23.0       52.0      10.0         93.0     484.0       90.0      4.0      9.0     85.0     90.0
       3      50.0       40.0      50.0         14.0     360.0       90.0     -1.0      0.0     90.0     90.0
       4      66.0       55.0      10.0       1604.0    2027.0       90.0     -1.0      0.0     85.0     90.0
       5      60.0       60.0      10.0       1349.0    1712.0       90.0     -1.0      0.0     90.0     90.0
       6      40.0       50.0       0.0          0.0    3390.0        0.0     -4.0     15.0     80.0    100.0
