RANGE
4265.9
NUMBER     CAPACITY      CAPACITY      beta      flight              sl              F
     5        200                20         3.1125          30            2400.0      30.0


CUSTOMER
CUST NO. XCOORD. YCOORD. DEMAND READY TIME DUE DATE SERVICE TIME TL (°C) TU (°C) HL (%) HU (%)
       0      35.0       35.0       0.0          0.0     230.0        0.0     -4.0     15.0     80.0    100.0
       1      20.0       40.0      12.0         77.0     107.0       10.0      7.0     10.0     85.0     95.0
       2      11.0       14.0      18.0         59.0      89.0       10.0     13.0     15.0     85.0     95.0
       3       6.0       38.0      16.0         29.0      59.0       10.0     10.0     10.0     85.0     95.0
       4      37.0       56.0       5.0        168.0     198.0       10.0      0.0      2.0     90.0     95.0
       5      55.0       54.0      26.0         84.0     114.0       10.0      0.0      1.0     80.0     85.0
       6      35.0       35.0       0.0          0.0     230.0        0.0     -4.0     15.0     80.0    100.0
