RANGE
4265.9
NUMBER     CAPACITY      CAPACITY      beta      flight              sl              F
     5        200                20         3.1125          30            2400.0      30.0


CUSTOMER
CUST NO. XCOORD. YCOORD. DEMAND READY TIME DUE DATE SERVICE TIME TL (°C) TU (°C) HL (%) HU (%)
       0      35.0       35.0       0.0          0.0    1000.0        0.0     -4.0     15.0     80.0    100.0
       1      55.0       20.0      19.0        678.0     801.0       10.0     10.0     12.0     85.0     95.0
       2      36.0       26.0      18.0        849.0     980.0       10.0      1.0      5.0     85.0     91.0
       3      67.0        5.0      25.0        294.0     401.0       10.0      4.0      5.0     85.0     95.0
       4      37.0       47.0       6.0        162.0     293.0       10.0      0.0      1.0     80.0     85.0
       5      26.0       35.0      15.0          0.0     981.0       10.0     -2.0      1.0     90.0     95.0
       6      35.0       35.0       0.0          0.0    1000.0        0.0     -4.0     15.0     80.0    100.0
