RANGE
4265.9
NUMBER     CAPACITY      CAPACITY      beta      flight              sl              F
     5        200                20         3.1125          30            2400.0      30.0


CUSTOMER
CUST NO. XCOORD. YCOORD. DEMAND READY TIME DUE DATE SERVICE TIME TL (°C) TU (°C) HL (%) HU (%)
       0      35.0       35.0       0.0          0.0     230.0        0.0     -4.0     15.0     80.0    100.0
       1      65.0       20.0       6.0         56.0     186.0       10.0      0.0      1.0     80.0     85.0
       2      40.0       60.0      21.0         25.0     132.0       10.0      2.0      5.0     85.0     90.0
       3      53.0       52.0      11.0         24.0     161.0       10.0      4.0      6.0     90.0     95.0
       4      61.0       52.0       3.0         42.0     159.0       10.0      0.0      3.0     85.0     91.0
       5      26.0       52.0       9.0         21.0     136.0       10.0      2.0      5.0     85.0     90.0
       6      35.0       35.0       0.0          0.0     230.0        0.0     -4.0     15.0     80.0    100.0
