RANGE
4265.9
NUMBER     CAPACITY      CAPACITY      beta      flight              sl              F
     5        200                20         3.1125          30            2400.0      30.0


CUSTOMER
CUST NO. XCOORD. YCOORD. DEMAND READY TIME DUE DATE SERVICE TIME TL (°C) TU (°C) HL (%) HU (%)
       0      35.0       35.0       0.0          0.0    1000.0        0.0     -4.0     15.0     80.0    100.0
       1      30.0       60.0      16.0        577.0     632.0       10.0     13.0     14.0     90.0     95.0
       2      55.0        5.0      29.0        206.0     325.0       10.0      4.0      5.0     85.0     95.0
       3      40.0       60.0      21.0        259.0     354.0       10.0     13.0     14.0     90.0     95.0
       4       6.0       68.0      30.0        501.0     540.0       10.0      4.0      9.0     85.0     90.0
       5      16.0       22.0      41.0          0.0     966.0       10.0      7.0     10.0     85.0     95.0
       6      35.0       35.0       0.0          0.0    1000.0        0.0     -4.0     15.0     80.0    100.0
