RANGE
4265.9
NUMBER     CAPACITY      CAPACITY      beta      flight              sl              F
     5        200                20         3.1125          30            2400.0      30.0


CUSTOMER
CUST NO. XCOORD. YCOORD. DEMAND READY TIME DUE DATE SERVICE TIME TL (°C) TU (°C) HL (%) HU (%)
       0      40.0       50.0       0.0          0.0    1236.0        0.0     -4.0     15.0     80.0    100.0
       1      25.0       50.0      10.0         55.0     154.0       90.0     10.0     12.0     85.0     95.0
       2      33.0       35.0      10.0         16.0     153.0       90.0      5.0      5.0     90.0     90.0
       3      25.0       35.0      10.0        857.0    1024.0       90.0      0.0      0.0     95.0    100.0
       4      45.0       30.0      10.0        716.0     795.0       90.0     -1.0      7.0     80.0     85.0
       5      62.0       80.0      30.0        163.0     272.0       90.0     -1.0      7.0     80.0     85.0
       6      40.0       50.0       0.0          0.0    1236.0        0.0     -4.0     15.0     80.0    100.0
