RANGE
4265.95
NUMBER     CAPACITY      CAPACITY      beta      flight              sl              F
5     200                20                3.1125               30            2400              30


CUSTOMER
CUST NO.  XCOORD.   YCOORD.    DEMAND   READY TIME  DUE DATE   SERVICE   TIME   TL (°C)   TU (°C)   HL (%)   HU (%)   LAUNCH TIME
   0      40         50             0           0        1236          0           -4         15         80         100       
   1      45         68            10         885         994         90            0          2         85          90       
   2      45         70            30         802         893         90            0          0         95         100       
   3      42         66            10          25         186         90            0          1         90          95       
   4      42         68            10         699         810         90            0          0         95         100       
   5      42         65            10          15         120         90            0          2         90          95       
   6      40         69            20         580         743         90           -2          1         90          95       
   7      40         66            20         142         253         90           -1          0         90          90       
   8      38         68            20         220         359         90           -2          1         90          95       
   9      38         70            10         499         640         90           -1          0         85          90       
  10      35         66            10         331         436         90            1          1         95          96       
  11      35         69            10         420         533         90            0          2         90          95       
  12      25         85            20         617         756         90           -2          1         90          95       
  13      22         75            30          30         155         90           -2          1         90          95       
  14      22         85            10         541         646         90            5          5         90          90       
  15      20         80            40         362         451         90            7         10         85          95       
  16      20         85            40         448         555         90           -2          1         90          95       
  17      18         75            20          75         172         90            1          1         95          96       
  18      15         75            20         142         291         90            4          6         90          95       
  19      15         80            10         244         379         90            4          6         90          95       
  20      30         50            10          10         137         90            0          1         80          85       
  21      30         52            20         888         991         90           10         10         85          95       
  22      28         52            20         776         919         90            5          5         90          90       
  23      28         55            10         709         800         90            0          0         90          95       
  24      25         50            10          25         184         90           -1          7         80          85       
  25      25         52            40         142         251         90            0          2         85          90       
  26      25         55            10         582         741         90            7         10         85          95       
  27      23         52            10         234         343         90            0          3         85          91       
  28      23         55            20         523         616         90            0          1         80          85       
  29      20         50            10         335         428         90           -1          0         90          95       
  30      20         55            10         422         531         90           -4          1         85          90       
  31      10         35            20         181         256         90           -1          7         80          85       
  32      10         40            30          31         170         90            1          1         95          96       
  33       8         40            40          52         193         90            5          5         90          90       
  34       8         45            20         719         848         90            0          0         95         100       
  35       5         35            10         252         375         90            3          5         85          90       
  36       5         45            10         639         742         90           13         15         85          95       
  37       2         40            20         357         460         90            0          2         85          90       
  38       0         40            30         457         544         90            0          0         95         100       
  39       0         45            20         538         653         90           13         15         85          95       
  40      35         30            10         236         349         90            0          0         90          95       
  41      35         32            10         132         269         90           -1          0         90          95       
  42      33         32            20          27         190         90           -1          0         85          90       
  43      33         35            10          16         144         90           -4          1         85          90       
  44      32         30            10         332         439         90            1          1         95          96       
  45      30         30            10         512         629         90            4          6         90          95       
  46      30         32            30         417         540         90            0          1         80          85       
  47      30         35            10         982        1127         90           10         12         85          95       
  48      28         30            10         601         724         90            1          1         95          96       
  49      28         35            10         969        1098         90           -1          0         90          95       
  50      26         32            10         783         912         90            0          2         85          90       
  51      25         30            10         695         816         90            4          9         85          90       
  52      25         35            10         883         998         90            4          9         85          90       
  53      44          5            20         255         378         90            0          1         90          95       
  54      42         10            40         150         293         90           -1          7         80          85       
  55      42         15            10          63         190         90            3          5         85          90       
  56      40          5            30         359         462         90            0          1         80          85       
  57      40         15            40          35         140         90            1          5         85          91       
  58      38          5            30         439         566         90           13         15         85          95       
  59      38         15            10         607         784         90            0          0         95         100       
  60      35          5            20         529         662         90            5          5         85          90       
  61      50         30            10         491         650         90            3          5         85          90       
  62      50         35            20         235         344         90            0          3         85          91       
  63      50         40            50         147         242         90            4          6         90          95       
  64      48         30            10         601         724         90            2          4         85          95       
  65      48         40            10          50         155         90           -1          0         90          95       
  66      47         35            10         802         899         90            8         10         85          95       
  67      47         40            10          12         143         90            7         10         85          95       
  68      45         30            10         712         799         90            4          5         85          95       
  69      45         35            10         889         996         90            4          9         85          90       
  70      95         30            30         353         490         90            3          5         85          90       
  71      95         35            20         260         393         90           11         13         85          90       
  72      53         30            10         422         533         90           -1          0         90          95       
  73      92         30            10         442         587         90           -1          0         85          90       
  74      53         35            50         323         442         90            8         10         85          95       
  75      45         65            20         962        1103         90            0          1         90          95       
  76      90         35            10         175         288         90           -1          0         90          95       
  77      88         30            10         539         678         90            0          0         95         100       
  78      88         35            20          78         201         90           -1          0         90          95       
  79      87         30            10         636         763         90           -4          1         85          90       
  80      85         25            10         744         845         90            4          6         90          95       
  81      85         35            30          47         201         90           10         12         85          95       
  82      75         55            20         344         445         90            0          3         85          91       
  83      72         55            10         228         375         90            0          3         85          91       
  84      70         58            20         425         556         90           -2          1         90          95       
  85      68         60            30         527         640         90            0          2         90          95       
  86      66         55            10         141         270         90           10         12         85          95       
  87      65         55            20          56         173         90           13         15         85          95       
  88      65         60            30         614         739         90           -1          0         90          95       
  89      63         58            10         705         834         90           -1          0         90          95       
  90      60         55            10          20         148         90            8         10         85          95       
  91      60         60            10         809         916         90            0          3         85          91       
  92      67         85            20         331         478         90            4          5         85          95       
  93      65         85            40         453         540         90            0          3         85          91       
  94      65         82            10         260         361         90            4          5         85          95       
  95      62         80            30         174         261         90            4          5         85          95       
  96      60         80            10          64         187         90           -4          1         85          90       
  97      60         85            30         531         652         90           13         15         85          95       
  98      58         75            20          30         139         90           13         14         90          95       
  99      55         80            10         705         858         90            5          5         85          90       
 100      55         85            20         608         765         90            0          2         90          95       
