RANGE
4265.95
NUMBER     CAPACITY      CAPACITY      beta      flight              sl              F
5     200                20                3.1125               30            2400              30


CUSTOMER
CUST NO.  XCOORD.   YCOORD.    DEMAND   READY TIME  DUE DATE   SERVICE   TIME   TL (°C)   TU (°C)   HL (%)   HU (%)   LAUNCH TIME
   0      40         50             0           0        1236          0           -4         15         80         100       
   1      45         68            10           0        1127         90           -2          1         90          95       
   2      45         70            30           0        1125         90            5          5         85          90       
   3      42         66            10           0        1129         90            1          1         95          96       
   4      42         68            10         727         782         90            5          5         90          90       
   5      42         65            10           0        1130         90           10         12         85          95       
   6      40         69            20           0        1127         90           10         12         85          95       
   7      40         66            20           0        1130         90           -2          1         90          95       
   8      38         68            20         255         324         90            7         10         85          95       
   9      38         70            10         534         605         90           -1          7         80          85       
  10      35         66            10           0        1129         90            7         10         85          95       
  11      35         69            10         448         505         90            2          5         85          90       
  12      25         85            20           0        1107         90            7         10         85          95       
  13      22         75            30          30          92         90           13         14         90          95       
  14      22         85            10           0        1106         90            7         10         85          95       
  15      20         80            40         384         429         90            2          5         85          90       
  16      20         85            40           0        1105         90           -1          0         85          90       
  17      18         75            20           0        1112         90            4          5         85          95       
  18      15         75            20           0        1110         90            8         10         85          95       
  19      15         80            10           0        1106         90            2          5         85          90       
  20      30         50            10           0        1136         90           10         10         85          95       
  21      30         52            20           0        1135         90            5          5         85          90       
  22      28         52            20           0        1133         90            5          5         85          90       
  23      28         55            10         732         777         90            0          1         80          85       
  24      25         50            10           0        1131         90           13         14         90          95       
  25      25         52            40         169         224         90            7         10         85          95       
  26      25         55            10           0        1130         90           -2          1         90          95       
  27      23         52            10           0        1128         90            2          5         85          90       
  28      23         55            20           0        1128         90            2          5         85          90       
  29      20         50            10           0        1126         90            1          5         85          91       
  30      20         55            10           0        1125         90           -2          1         90          95       
  31      10         35            20           0        1112         90            1          5         85          91       
  32      10         40            30           0        1114         90           -1          7         80          85       
  33       8         40            40           0        1112         90            5          5         85          90       
  34       8         45            20           0        1113         90           -1          0         85          90       
  35       5         35            10           0        1107         90           -1          7         80          85       
  36       5         45            10           0        1110         90           -2          1         90          95       
  37       2         40            20           0        1106         90           11         13         85          90       
  38       0         40            30         479         522         90            1          1         95          96       
  39       0         45            20           0        1105         90            4          5         85          95       
  40      35         30            10           0        1125         90           11         13         85          90       
  41      35         32            10           0        1127         90            8         10         85          95       
  42      33         32            20           0        1126         90            0          1         90          95       
  43      33         35            10           0        1129         90           -1          0         85          90       
  44      32         30            10         359         412         90           -1          0         90          90       
  45      30         30            10           0        1123         90            7         10         85          95       
  46      30         32            30           0        1125         90            2          5         85          90       
  47      30         35            10           0        1127         90           -1          0         85          90       
  48      28         30            10           0        1122         90            4          6         90          95       
  49      28         35            10           0        1126         90           -1          0         90          95       
  50      26         32            10           0        1123         90            0          0         90          95       
  51      25         30            10           0        1121         90            0          3         85          91       
  52      25         35            10           0        1124         90            2          5         85          90       
  53      44          5            20         286         347         90            4          9         85          90       
  54      42         10            40           0        1105         90           11         13         85          90       
  55      42         15            10          95         158         90           -1          7         80          85       
  56      40          5            30           0        1101         90            8         10         85          95       
  57      40         15            40           0        1111         90           13         15         85          95       
  58      38          5            30         471         534         90            0          1         90          95       
  59      38         15            10           0        1110         90            2          4         85          95       
  60      35          5            20           0        1100         90            5          5         85          90       
  61      50         30            10           0        1123         90            4          6         90          95       
  62      50         35            20         262         317         90            7         10         85          95       
  63      50         40            50           0        1131         90            3          5         85          90       
  64      48         30            10           0        1124         90           -2          1         90          95       
  65      48         40            10           0        1133         90            0          2         90          95       
  66      47         35            10           0        1129         90           10         10         85          95       
  67      47         40            10          12          77         90            0          2         90          95       
  68      45         30            10           0        1125         90            0          2         90          95       
  69      45         35            10         916         969         90            0          1         90          95       
  70      95         30            30           0        1087         90            0          0         90          95       
  71      95         35            20           0        1088         90            0          1         80          85       
  72      53         30            10           0        1122         90            3          5         85          90       
  73      92         30            10           0        1090         90           -1          7         80          85       
  74      53         35            50         353         412         90            2          5         85          90       
  75      45         65            20           0        1130         90            7         10         85          95       
  76      90         35            10         203         260         90           -2          1         90          95       
  77      88         30            10         574         643         90            4          5         85          95       
  78      88         35            20           0        1095         90            1          5         85          91       
  79      87         30            10         668         731         90            0          2         85          90       
  80      85         25            10           0        1094         90            2          5         85          90       
  81      85         35            30           0        1098         90            2          5         85          90       
  82      75         55            20           0        1110         90           10         12         85          95       
  83      72         55            10           0        1113         90            5          5         85          90       
  84      70         58            20         458         523         90            7         10         85          95       
  85      68         60            30           0        1116         90            4          5         85          95       
  86      66         55            10           0        1119         90           11         13         85          90       
  87      65         55            20          85         144         90            1          1         95          96       
  88      65         60            30           0        1119         90            5          5         90          90       
  89      63         58            10           0        1121         90            2          4         85          95       
  90      60         55            10           0        1125         90           13         14         90          95       
  91      60         60            10           0        1123         90            0          3         85          91       
  92      67         85            20         368         441         90            5          5         90          90       
  93      65         85            40           0        1102         90           -4          1         85          90       
  94      65         82            10           0        1105         90            0          3         85          91       
  95      62         80            30           0        1108         90            4          5         85          95       
  96      60         80            10           0        1109         90            8         10         85          95       
  97      60         85            30           0        1105         90           10         10         85          95       
  98      58         75            20           0        1115         90            0          0         90          95       
  99      55         80            10         743         820         90           -1          7         80          85       
 100      55         85            20         647         726         90            0          1         80          85       
