RANGE
4265.95
NUMBER     CAPACITY      CAPACITY      beta      flight              sl              F
5     200                20                3.1125               30            2400              30


CUSTOMER
CUST NO.  XCOORD.   YCOORD.    DEMAND   READY TIME  DUE DATE   SERVICE   TIME   TL (°C)   TU (°C)   HL (%)   HU (%)   LAUNCH TIME
   0      40         50             0           0        1236          0           -4         15         80         100       
   1      45         68            10         890         989         90           10         12         85          95       
   2      45         70            30         816         879         90            2          5         85          90       
   3      42         66            10          55         156         90            0          1         80          85       
   4      42         68            10         703         806         90            4          6         90          95       
   5      42         65            10          15          60         90           -1          0         90          90       
   6      40         69            20         559         764         90           -2          1         90          95       
   7      40         66            20         172         223         90           -4          1         85          90       
   8      38         68            20         250         329         90            1          1         95          96       
   9      38         70            10         489         650         90            2          4         85          95       
  10      35         66            10         361         406         90            8         10         85          95       
  11      35         69            10         450         503         90            0          1         90          95       
  12      25         85            20         647         726         90            5          5         85          90       
  13      22         75            30          30          95         90            0          3         85          91       
  14      22         85            10         571         616         90            7         10         85          95       
  15      20         80            40         392         421         90            4          5         85          95       
  16      20         85            40         478         525         90            0          2         90          95       
  17      18         75            20         105         142         90           -1          0         85          90       
  18      15         75            20         172         261         90            0          1         90          95       
  19      15         80            10         274         349         90            0          1         80          85       
  20      30         50            10          10          77         90            1          1         95          96       
  21      30         52            20         918         961         90            0          0         90          95       
  22      28         52            20         806         889         90            4          9         85          90       
  23      28         55            10         739         770         90            0          1         90          95       
  24      25         50            10          55         154         90           10         12         85          95       
  25      25         52            40         172         221         90            8         10         85          95       
  26      25         55            10         612         711         90           -1          0         90          95       
  27      23         52            10         264         313         90           11         13         85          90       
  28      23         55            20         553         586         90            4          9         85          90       
  29      20         50            10         365         398         90            1          1         95          96       
  30      20         55            10         452         501         90           -1          0         85          90       
  31      10         35            20         204         233         90            3          5         85          90       
  32      10         40            30          31         189         90            0          2         85          90       
  33       8         40            40          42         203         90            1          5         85          91       
  34       8         45            20         715         852         90            1          5         85          91       
  35       5         35            10         251         376         90            7         10         85          95       
  36       5         45            10         648         733         90            2          4         85          95       
  37       2         40            20         365         452         90            0          0         95         100       
  38       0         40            30         474         527         90            2          5         85          90       
  39       0         45            20         541         650         90            0          0         90          95       
  40      35         30            10         240         345         90           -1          0         85          90       
  41      35         32            10         123         278         90            5          5         85          90       
  42      33         32            20          19         225         90           -2          1         90          95       
  43      33         35            10          16         153         90            5          5         90          90       
  44      32         30            10         338         433         90           13         14         90          95       
  45      30         30            10         513         628         90            0          2         90          95       
  46      30         32            30         415         542         90            2          5         85          90       
  47      30         35            10         872        1127         90            2          5         85          90       
  48      28         30            10         599         726         90           13         15         85          95       
  49      28         35            10         917        1126         90            0          0         95         100       
  50      26         32            10         779         916         90           -2          1         90          95       
  51      25         30            10         695         816         90            4          9         85          90       
  52      25         35            10         857        1024         90            0          0         95         100       
  53      44          5            20         221         412         90            1          5         85          91       
  54      42         10            40          96         347         90            0          1         90          95       
  55      42         15            10          35         233         90            4          5         85          95       
  56      40          5            30         347         474         90            5          5         90          90       
  57      40         15            40          35         172         90            4          6         90          95       
  58      38          5            30         403         602         90           -1          0         90          95       
  59      38         15            10         521         870         90            4          9         85          90       
  60      35          5            20         487         704         90           -1          0         90          95       
  61      50         30            10         422         719         90           10         10         85          95       
  62      50         35            20         217         362         90            0          2         90          95       
  63      50         40            50         142         247         90           -1          0         90          95       
  64      48         30            10         567         758         90            5          5         85          90       
  65      48         40            10          34         171         90           -1          0         85          90       
  66      47         35            10         794         907         90            1          1         95          96       
  67      47         40            10          12         226         90           -4          1         85          90       
  68      45         30            10         716         795         90           -1          7         80          85       
  69      45         35            10         873        1012         90           -1          0         85          90       
  70      95         30            30         266         577         90           -1          0         90          90       
  71      95         35            20         181         472         90            0          3         85          91       
  72      53         30            10         402         553         90            5          5         90          90       
  73      92         30            10         345         684         90            0          1         80          85       
  74      53         35            50         294         471         90           13         15         85          95       
  75      45         65            20         951        1114         90           -1          0         85          90       
  76      90         35            10         153         310         90            0          2         85          90       
  77      88         30            10         450         767         90            0          3         85          91       
  78      88         35            20          50         237         90            1          1         95          96       
  79      87         30            10         567         832         90            0          3         85          91       
  80      85         25            10         713         876         90            8         10         85          95       
  81      85         35            30          47         331         90            4          9         85          90       
  82      75         55            20         311         478         90            7         10         85          95       
  83      72         55            10         127         476         90           10         10         85          95       
  84      70         58            20         349         632         90            5          5         90          90       
  85      68         60            30         476         691         90            2          4         85          95       
  86      66         55            10          67         344         90            0          2         85          90       
  87      65         55            20          25         256         90            0          0         90          95       
  88      65         60            30         546         807         90            2          4         85          95       
  89      63         58            10         630         909         90           10         10         85          95       
  90      60         55            10          20         293         90           -1          0         85          90       
  91      60         60            10         769         956         90           -2          1         90          95       
  92      67         85            20         229         580         90            4          6         90          95       
  93      65         85            40         442         551         90            2          5         85          90       
  94      65         82            10         227         394         90            2          5         85          90       
  95      62         80            30         163         272         90           -1          7         80          85       
  96      60         80            10          36         291         90            0          0         90          95       
  97      60         85            30         469         714         90            5          5         90          90       
  98      58         75            20          30         227         90            5          5         90          90       
  99      55         80            10         595         968         90           -1          0         90          95       
 100      55         85            20         493         880         90           11         13         85          90       
