RANGE
4265.95
NUMBER     CAPACITY      CAPACITY      beta      flight              sl              F
5     200                20                3.1125               30            2400              30


CUSTOMER
CUST NO.  XCOORD.   YCOORD.    DEMAND   READY TIME  DUE DATE   SERVICE   TIME   TL (°C)   TU (°C)   HL (%)   HU (%)   LAUNCH TIME
   0      40         50             0           0        1236          0           -4         15         80         100       
   1      45         68            10         850        1030         90            4          6         90          95       
   2      45         70            30         758         938         90            8         10         85          95       
   3      42         66            10          16         196         90            0          1         90          95       
   4      42         68            10         665         845         90            5          5         85          90       
   5      42         65            10          15         195         90           11         13         85          90       
   6      40         69            20         572         752         90            1          1         95          96       
   7      40         66            20         108         288         90            0          2         90          95       
   8      38         68            20         200         380         90           10         12         85          95       
   9      38         70            10         480         660         90            7         10         85          95       
  10      35         66            10         294         474         90           -1          0         90          90       
  11      35         69            10         387         567         90            0          1         80          85       
  12      25         85            20         597         777         90            1          1         95          96       
  13      22         75            30          30         210         90            0          1         80          85       
  14      22         85            10         504         684         90           -2          1         90          95       
  15      20         80            40         317         497         90           -1          0         90          95       
  16      20         85            40         412         592         90           -2          1         90          95       
  17      18         75            20          34         214         90            0          1         80          85       
  18      15         75            20         127         307         90           10         10         85          95       
  19      15         80            10         222         402         90           -1          0         90          90       
  20      30         50            10          10         190         90            2          5         85          90       
  21      30         52            20         850        1030         90            0          2         90          95       
  22      28         52            20         758         938         90            0          1         80          85       
  23      28         55            10         665         845         90           13         14         90          95       
  24      25         50            10          15         195         90            5          5         90          90       
  25      25         52            40         107         287         90            5          5         90          90       
  26      25         55            10         572         752         90            0          2         85          90       
  27      23         52            10         199         379         90            4          9         85          90       
  28      23         55            20         480         660         90            7         10         85          95       
  29      20         50            10         292         472         90            4          5         85          95       
  30      20         55            10         387         567         90            4          6         90          95       
  31      10         35            20         129         309         90            2          5         85          90       
  32      10         40            30          31         211         90            0          0         90          95       
  33       8         40            40          33         213         90            0          1         80          85       
  34       8         45            20         694         874         90            0          0         90          95       
  35       5         35            10         224         404         90           13         14         90          95       
  36       5         45            10         601         781         90            5          5         90          90       
  37       2         40            20         319         499         90            7         10         85          95       
  38       0         40            30         411         591         90           -1          7         80          85       
  39       0         45            20         506         686         90           11         13         85          90       
  40      35         30            10         203         383         90            4          5         85          95       
  41      35         32            10         111         291         90            4          9         85          90       
  42      33         32            20          19         199         90            0          3         85          91       
  43      33         35            10          16         196         90            5          5         85          90       
  44      32         30            10         296         476         90           10         10         85          95       
  45      30         30            10         481         661         90            1          1         95          96       
  46      30         32            30         389         569         90           -4          1         85          90       
  47      30         35            10         947        1127         90            4          6         90          95       
  48      28         30            10         573         753         90           -1          7         80          85       
  49      28         35            10         944        1124         90            0          1         80          85       
  50      26         32            10         758         938         90            0          0         90          95       
  51      25         30            10         666         846         90            4          6         90          95       
  52      25         35            10         851        1031         90           11         13         85          90       
  53      44          5            20         227         407         90            0          2         90          95       
  54      42         10            40         132         312         90            0          1         80          85       
  55      42         15            10          37         217         90            2          4         85          95       
  56      40          5            30         321         501         90           10         10         85          95       
  57      40         15            40          35         215         90            5          5         90          90       
  58      38          5            30         413         593         90           -4          1         85          90       
  59      38         15            10         606         786         90            8         10         85          95       
  60      35          5            20         506         686         90           13         15         85          95       
  61      50         30            10         481         661         90            0          2         85          90       
  62      50         35            20         200         380         90            4          6         90          95       
  63      50         40            50         105         285         90           10         12         85          95       
  64      48         30            10         573         753         90           11         13         85          90       
  65      48         40            10          13         193         90           -2          1         90          95       
  66      47         35            10         761         941         90            0          1         90          95       
  67      47         40            10          12         192         90           10         10         85          95       
  68      45         30            10         666         846         90           10         12         85          95       
  69      45         35            10         853        1033         90            8         10         85          95       
  70      95         30            30         332         512         90           10         12         85          95       
  71      95         35            20         237         417         90            7         10         85          95       
  72      53         30            10         388         568         90            8         10         85          95       
  73      92         30            10         425         605         90            0          2         85          90       
  74      53         35            50         293         473         90            8         10         85          95       
  75      45         65            20         943        1123         90            5          5         90          90       
  76      90         35            10         142         322         90           10         10         85          95       
  77      88         30            10         519         699         90            0          3         85          91       
  78      88         35            20          50         230         90           -1          0         85          90       
  79      87         30            10         610         790         90            2          5         85          90       
  80      85         25            10         705         885         90           11         13         85          90       
  81      85         35            30          47         227         90            4          6         90          95       
  82      75         55            20         305         485         90            2          5         85          90       
  83      72         55            10         212         392         90            0          2         85          90       
  84      70         58            20         401         581         90           13         15         85          95       
  85      68         60            30         494         674         90           -2          1         90          95       
  86      66         55            10         116         296         90            4          5         85          95       
  87      65         55            20          25         205         90            1          1         95          96       
  88      65         60            30         587         767         90            0          0         90          95       
  89      63         58            10         680         860         90            4          5         85          95       
  90      60         55            10          20         200         90           10         10         85          95       
  91      60         60            10         773         953         90            2          5         85          90       
  92      67         85            20         315         495         90           -1          0         90          95       
  93      65         85            40         407         587         90            3          5         85          90       
  94      65         82            10         221         401         90            5          5         90          90       
  95      62         80            30         128         308         90           11         13         85          90       
  96      60         80            10          36         216         90            0          1         80          85       
  97      60         85            30         502         682         90           10         12         85          95       
  98      58         75            20          30         210         90           -1          7         80          85       
  99      55         80            10         692         872         90            5          5         90          90       
 100      55         85            20         597         777         90           -1          0         90          95       
