RANGE
4265.95
NUMBER     CAPACITY      CAPACITY      beta      flight              sl              F
5     200                20                3.1125               30            2400              30


CUSTOMER
CUST NO.  XCOORD.   YCOORD.    DEMAND   READY TIME  DUE DATE   SERVICE   TIME   TL (°C)   TU (°C)   HL (%)   HU (%)   LAUNCH TIME
   0      40         50             0           0        1236          0           -4         15         80         100       
   1      45         68            10         760        1120         90            0          3         85          91       
   2      45         70            30         668        1028         90            0          2         85          90       
   3      42         66            10          16         376         90            5          5         90          90       
   4      42         68            10         575         935         90            2          4         85          95       
   5      42         65            10          15         375         90           -4          1         85          90       
   6      40         69            20         482         842         90           -4          1         85          90       
   7      40         66            20          18         378         90            1          5         85          91       
   8      38         68            20         110         470         90            3          5         85          90       
   9      38         70            10         390         750         90           -2          1         90          95       
  10      35         66            10         204         564         90            0          2         90          95       
  11      35         69            10         297         657         90           13         14         90          95       
  12      25         85            20         507         867         90            4          9         85          90       
  13      22         75            30          30         390         90           -2          1         90          95       
  14      22         85            10         414         774         90            3          5         85          90       
  15      20         80            40         227         587         90           -1          0         90          95       
  16      20         85            40         322         682         90            4          6         90          95       
  17      18         75            20          33         393         90           -1          0         90          90       
  18      15         75            20          37         397         90           -1          7         80          85       
  19      15         80            10         132         492         90            0          0         95         100       
  20      30         50            10          10         370         90           11         13         85          90       
  21      30         52            20         760        1120         90           10         12         85          95       
  22      28         52            20         668        1028         90            5          5         85          90       
  23      28         55            10         575         935         90           10         10         85          95       
  24      25         50            10          15         375         90            0          0         95         100       
  25      25         52            40          17         377         90           13         15         85          95       
  26      25         55            10         482         842         90           -4          1         85          90       
  27      23         52            10         109         469         90            7         10         85          95       
  28      23         55            20         390         750         90            5          5         90          90       
  29      20         50            10         202         562         90            4          6         90          95       
  30      20         55            10         297         657         90            5          5         85          90       
  31      10         35            20          39         399         90            8         10         85          95       
  32      10         40            30          31         391         90            0          1         90          95       
  33       8         40            40          33         393         90            4          6         90          95       
  34       8         45            20         604         964         90           -1          0         85          90       
  35       5         35            10         134         494         90            2          4         85          95       
  36       5         45            10         511         871         90            0          0         90          95       
  37       2         40            20         229         589         90           -1          0         85          90       
  38       0         40            30         321         681         90           -1          0         90          95       
  39       0         45            20         416         776         90           -1          0         90          90       
  40      35         30            10         113         473         90           -1          0         90          95       
  41      35         32            10          21         381         90            0          1         80          85       
  42      33         32            20          19         379         90           -1          0         90          95       
  43      33         35            10          16         376         90           10         10         85          95       
  44      32         30            10         206         566         90            2          5         85          90       
  45      30         30            10         391         751         90            7         10         85          95       
  46      30         32            30         299         659         90            0          1         80          85       
  47      30         35            10         767        1127         90           -1          0         90          90       
  48      28         30            10         483         843         90            5          5         85          90       
  49      28         35            10         766        1126         90            5          5         85          90       
  50      26         32            10         668        1028         90           -4          1         85          90       
  51      25         30            10         576         936         90           -1          7         80          85       
  52      25         35            10         761        1121         90           -1          0         90          90       
  53      44          5            20         137         497         90            2          4         85          95       
  54      42         10            40          42         402         90            1          5         85          91       
  55      42         15            10          35         395         90           -1          0         90          90       
  56      40          5            30         231         591         90            0          1         90          95       
  57      40         15            40          35         395         90            1          1         95          96       
  58      38          5            30         323         683         90            1          5         85          91       
  59      38         15            10         516         876         90           -1          7         80          85       
  60      35          5            20         416         776         90            8         10         85          95       
  61      50         30            10         391         751         90            0          2         90          95       
  62      50         35            20         110         470         90            0          0         90          95       
  63      50         40            50          15         375         90            2          4         85          95       
  64      48         30            10         483         843         90            4          5         85          95       
  65      48         40            10          12         372         90            4          9         85          90       
  66      47         35            10         671        1031         90            0          2         90          95       
  67      47         40            10          12         372         90           -1          7         80          85       
  68      45         30            10         576         936         90            2          4         85          95       
  69      45         35            10         763        1123         90           13         14         90          95       
  70      95         30            30         242         602         90           -1          7         80          85       
  71      95         35            20         147         507         90            0          1         80          85       
  72      53         30            10         298         658         90            1          5         85          91       
  73      92         30            10         335         695         90            8         10         85          95       
  74      53         35            50         203         563         90            0          2         90          95       
  75      45         65            20         770        1130         90            0          3         85          91       
  76      90         35            10          52         412         90           10         12         85          95       
  77      88         30            10         429         789         90            0          1         80          85       
  78      88         35            20          50         410         90            7         10         85          95       
  79      87         30            10         520         880         90            0          0         90          95       
  80      85         25            10         615         975         90            3          5         85          90       
  81      85         35            30          47         407         90           -4          1         85          90       
  82      75         55            20         215         575         90            0          2         85          90       
  83      72         55            10         122         482         90            1          1         95          96       
  84      70         58            20         311         671         90           10         10         85          95       
  85      68         60            30         404         764         90           13         15         85          95       
  86      66         55            10          26         386         90           11         13         85          90       
  87      65         55            20          25         385         90           -1          0         85          90       
  88      65         60            30         497         857         90            0          0         95         100       
  89      63         58            10         590         950         90            5          5         85          90       
  90      60         55            10          20         380         90            0          2         90          95       
  91      60         60            10         683        1043         90           -4          1         85          90       
  92      67         85            20         225         585         90            8         10         85          95       
  93      65         85            40         317         677         90            0          2         85          90       
  94      65         82            10         131         491         90            2          4         85          95       
  95      62         80            30          38         398         90            3          5         85          90       
  96      60         80            10          36         396         90            2          4         85          95       
  97      60         85            30         412         772         90           -1          7         80          85       
  98      58         75            20          30         390         90            0          2         90          95       
  99      55         80            10         602         962         90           10         10         85          95       
 100      55         85            20         507         867         90            4          5         85          95       
