RANGE
4265.95
NUMBER     CAPACITY      CAPACITY      beta      flight              sl              F
5     200                20                3.1125               30            2400              30


CUSTOMER
CUST NO.  XCOORD.   YCOORD.    DEMAND   READY TIME  DUE DATE   SERVICE   TIME   TL (°C)   TU (°C)   HL (%)   HU (%)   LAUNCH TIME
   0      40         50             0           0        1236          0           -4         15         80         100       
   1      45         68            10           0        1127         90            0          0         90          95       
   2      45         70            30           0        1125         90           10         10         85          95       
   3      42         66            10           0        1129         90           -1          0         90          95       
   4      42         68            10         727         782         90            2          4         85          95       
   5      42         65            10           0        1130         90            0          2         85          90       
   6      40         69            20         621         702         90            3          5         85          90       
   7      40         66            20           0        1130         90           10         12         85          95       
   8      38         68            20         255         324         90           10         10         85          95       
   9      38         70            10         534         605         90            0          2         90          95       
  10      35         66            10         357         410         90            5          5         85          90       
  11      35         69            10         448         505         90           10         10         85          95       
  12      25         85            20           0        1107         90           10         12         85          95       
  13      22         75            30          30          92         90            1          5         85          91       
  14      22         85            10         567         620         90            8         10         85          95       
  15      20         80            40         384         429         90           -1          7         80          85       
  16      20         85            40         475         528         90            1          5         85          91       
  17      18         75            20          99         148         90           -4          1         85          90       
  18      15         75            20         179         254         90           10         10         85          95       
  19      15         80            10         278         345         90           13         14         90          95       
  20      30         50            10          10          73         90           -1          0         90          90       
  21      30         52            20           0        1135         90            5          5         85          90       
  22      28         52            20         812         883         90            7         10         85          95       
  23      28         55            10         732         777         90            4          6         90          95       
  24      25         50            10          65         144         90           -1          0         90          90       
  25      25         52            40         169         224         90           -1          0         90          95       
  26      25         55            10           0        1130         90            0          3         85          91       
  27      23         52            10         261         316         90           10         12         85          95       
  28      23         55            20         546         593         90           -1          0         90          90       
  29      20         50            10         358         405         90            0          0         95         100       
  30      20         55            10         449         504         90           -2          1         90          95       
  31      10         35            20           0        1112         90            0          1         80          85       
  32      10         40            30          31         100         90            0          0         95         100       
  33       8         40            40          87         158         90           10         10         85          95       
  34       8         45            20           0        1113         90            0          3         85          91       
  35       5         35            10         283         344         90           13         15         85          95       
  36       5         45            10         665         716         90           -1          0         90          95       
  37       2         40            20           0        1106         90            1          1         95          96       
  38       0         40            30         479         522         90            4          9         85          90       
  39       0         45            20         567         624         90            4          9         85          90       
  40      35         30            10         264         321         90            2          4         85          95       
  41      35         32            10         166         235         90            8         10         85          95       
  42      33         32            20          68         149         90            2          4         85          95       
  43      33         35            10          16          80         90            0          2         85          90       
  44      32         30            10         359         412         90           -1          0         90          90       
  45      30         30            10         541         600         90           -1          0         90          90       
  46      30         32            30         448         509         90           10         10         85          95       
  47      30         35            10        1054        1127         90            1          1         95          96       
  48      28         30            10           0        1122         90           -1          0         90          90       
  49      28         35            10        1001        1066         90            0          1         80          85       
  50      26         32            10           0        1123         90            5          5         90          90       
  51      25         30            10         725         786         90            0          0         90          95       
  52      25         35            10           0        1124         90            0          1         90          95       
  53      44          5            20         286         347         90           10         12         85          95       
  54      42         10            40         186         257         90            8         10         85          95       
  55      42         15            10          95         158         90            2          5         85          90       
  56      40          5            30         385         436         90           11         13         85          90       
  57      40         15            40          35          87         90            5          5         85          90       
  58      38          5            30         471         534         90            4          5         85          95       
  59      38         15            10           0        1110         90            5          5         85          90       
  60      35          5            20         562         629         90           10         12         85          95       
  61      50         30            10         531         610         90            7         10         85          95       
  62      50         35            20         262         317         90            0          2         90          95       
  63      50         40            50         171         218         90           13         14         90          95       
  64      48         30            10         632         693         90            0          2         90          95       
  65      48         40            10          76         129         90           -1          0         90          90       
  66      47         35            10         826         875         90            0          1         90          95       
  67      47         40            10          12          77         90           10         10         85          95       
  68      45         30            10         734         777         90            0          2         90          95       
  69      45         35            10         916         969         90           -1          0         85          90       
  70      95         30            30         387         456         90            7         10         85          95       
  71      95         35            20         293         360         90            0          1         80          85       
  72      53         30            10           0        1122         90           -1          0         85          90       
  73      92         30            10         478         551         90            5          5         90          90       
  74      53         35            50         353         412         90           -2          1         90          95       
  75      45         65            20           0        1130         90           13         15         85          95       
  76      90         35            10         203         260         90           -1          0         90          95       
  77      88         30            10         574         643         90            1          1         95          96       
  78      88         35            20         109         170         90            4          6         90          95       
  79      87         30            10         668         731         90            5          5         85          90       
  80      85         25            10         769         820         90            2          4         85          95       
  81      85         35            30          47         124         90           10         10         85          95       
  82      75         55            20           0        1110         90            4          6         90          95       
  83      72         55            10           0        1113         90           -1          7         80          85       
  84      70         58            20         458         523         90           -1          7         80          85       
  85      68         60            30           0        1116         90            0          1         80          85       
  86      66         55            10         173         238         90           13         15         85          95       
  87      65         55            20          85         144         90           -4          1         85          90       
  88      65         60            30         645         708         90           -4          1         85          90       
  89      63         58            10         737         802         90            0          1         90          95       
  90      60         55            10          20          84         90            3          5         85          90       
  91      60         60            10           0        1123         90            0          2         90          95       
  92      67         85            20         368         441         90            7         10         85          95       
  93      65         85            40         475         518         90           13         15         85          95       
  94      65         82            10           0        1105         90            0          1         80          85       
  95      62         80            30           0        1108         90            8         10         85          95       
  96      60         80            10           0        1109         90            5          5         85          90       
  97      60         85            30         561         622         90            0          1         80          85       
  98      58         75            20           0        1115         90            1          1         95          96       
  99      55         80            10         743         820         90           -4          1         85          90       
 100      55         85            20         647         726         90            8         10         85          95       
