RANGE
4265.9
NUMBER     CAPACITY      CAPACITY      beta      flight              sl              F
    10        200                20         3.1125          30            2400.0      30.0


CUSTOMER
CUST NO. XCOORD. YCOORD. DEMAND READY TIME DUE DATE SERVICE TIME TL (°„C) TU (°„C) HL (%) HU (%)
       0      40.0       50.0       0.0          0.0    3390.0        0.0     -4.0     15.0     80.0    100.0
       1      62.0       69.0      10.0       1167.0    1327.0       90.0      4.0      5.0     85.0     95.0
       2      28.0       70.0      10.0       2601.0    2761.0       90.0      8.0     10.0     85.0     95.0
       3      25.0       85.0      20.0       2119.0    2279.0       90.0      8.0     10.0     85.0     95.0
       4      22.0       85.0      10.0       2026.0    2186.0       90.0      8.0     10.0     85.0     95.0
       5      30.0       50.0      10.0         10.0     170.0       90.0      1.0      5.0     85.0     91.0
       6      10.0       35.0      20.0        781.0     941.0       90.0      4.0      5.0     85.0     95.0
       7       0.0       45.0      20.0       1158.0    1318.0       90.0      8.0     10.0     85.0     95.0
       8      25.0       30.0      10.0       2200.0    2360.0       90.0      4.0      5.0     85.0     95.0
       9      50.0       35.0      20.0        120.0     280.0       90.0      8.0     10.0     85.0     95.0
      10      42.0       58.0      40.0          8.0     168.0       90.0      4.0      5.0     85.0     95.0
      11      40.0       50.0       0.0          0.0    3390.0        0.0     -4.0     15.0     80.0    100.0
