RANGE
4265.9
NUMBER     CAPACITY      CAPACITY      beta      flight              sl              F
    10        200                20         3.1125          30            2400.0      30.0


CUSTOMER
CUST NO. XCOORD. YCOORD. DEMAND READY TIME DUE DATE SERVICE TIME TL (°„C) TU (°„C) HL (%) HU (%)
       0      35.0       35.0       0.0          0.0     230.0        0.0     -4.0     15.0     80.0    100.0
       1      20.0       40.0      12.0         47.0     136.0       10.0      2.0      5.0     85.0     90.0
       2      64.0       42.0       9.0         29.0     150.0       10.0      4.0      5.0     85.0     95.0
       3      60.0       12.0      31.0         33.0     186.0       10.0      7.0     10.0     85.0     95.0
       4      23.0        3.0       7.0         82.0     185.0       10.0      1.0      5.0     85.0     91.0
       5       6.0       68.0      30.0         73.0     152.0       10.0      7.0     10.0     85.0     95.0
       6      32.0       12.0       7.0         48.0     163.0       10.0      8.0     10.0     85.0     95.0
       7      36.0       26.0      18.0         84.0     210.0       10.0      4.0      6.0     90.0     95.0
       8      24.0       58.0      19.0         25.0     154.0       10.0      7.0     10.0     85.0     95.0
       9      27.0       69.0      10.0         34.0     172.0       10.0      0.0      0.0     90.0     95.0
      10      47.0       16.0      25.0         22.0     170.0       10.0      7.0     10.0     85.0     95.0
      11      35.0       35.0       0.0          0.0     230.0        0.0     -4.0     15.0     80.0    100.0
