RANGE
4265.9
NUMBER     CAPACITY      CAPACITY      beta      flight              sl              F
    10        200                20         3.1125          30            2400.0      30.0


CUSTOMER
CUST NO. XCOORD. YCOORD. DEMAND READY TIME DUE DATE SERVICE TIME TL (°„C) TU (°„C) HL (%) HU (%)
       0      40.0       50.0       0.0          0.0     240.0        0.0     -4.0     15.0     80.0    100.0
       1      22.0       85.0      10.0         64.0     184.0       10.0      4.0      5.0     85.0     95.0
       2       8.0       40.0      40.0         69.0      79.0       10.0      4.0      6.0     90.0     95.0
       3      44.0        5.0      20.0         79.0     124.0       10.0      1.0      5.0     85.0     91.0
       4      90.0       35.0      10.0         52.0     112.0       10.0      7.0     10.0     85.0     95.0
       5      60.0       80.0      10.0         36.0      74.0       10.0      8.0     10.0     85.0     95.0
       6      10.0       20.0      19.0         42.0     162.0       10.0      4.0      5.0     85.0     95.0
       7      47.0       47.0      13.0        190.0     222.0       10.0      4.0      5.0     85.0     95.0
       8      57.0       29.0      18.0        106.0     116.0       10.0      8.0     10.0     85.0     95.0
       9      24.0       58.0      19.0         67.0      96.0       10.0      4.0      6.0     90.0     95.0
      10      53.0       43.0      14.0         15.0      25.0       10.0      1.0      5.0     85.0     91.0
      11      40.0       50.0       0.0          0.0     240.0        0.0     -4.0     15.0     80.0    100.0
