RANGE
4265.9
NUMBER     CAPACITY      CAPACITY      beta      flight              sl              F
    10        200                20         3.1125          30            2400.0      30.0


CUSTOMER
CUST NO. XCOORD. YCOORD. DEMAND READY TIME DUE DATE SERVICE TIME TL (°„C) TU (°„C) HL (%) HU (%)
       0      40.0       50.0       0.0          0.0     240.0        0.0     -4.0     15.0     80.0    100.0
       1      18.0       75.0      20.0         55.0     164.0       10.0      7.0     10.0     85.0     95.0
       2      42.0       15.0      10.0        111.0     162.0       10.0      1.0      5.0     85.0     91.0
       3      88.0       30.0      10.0         52.0     159.0       10.0      4.0      6.0     90.0     95.0
       4      85.0       35.0      30.0        100.0     151.0       10.0      7.0     10.0     85.0     95.0
       5      65.0       82.0      10.0        113.0     164.0       10.0      8.0     10.0     85.0     95.0
       6      60.0       85.0      30.0         50.0     149.0       10.0      4.0      5.0     85.0     95.0
       7      55.0       85.0      20.0        117.0     168.0       10.0      4.0      5.0     85.0     95.0
       8      15.0       60.0      17.0        137.0     202.0       10.0      8.0     10.0     85.0     95.0
       9      65.0       35.0       3.0         29.0     158.0       10.0      8.0     10.0     85.0     95.0
      10      20.0       20.0       8.0         72.0     193.0       10.0      7.0     10.0     85.0     95.0
      11      40.0       50.0       0.0          0.0     240.0        0.0     -4.0     15.0     80.0    100.0
