RANGE
4265.9
NUMBER     CAPACITY      CAPACITY      beta      flight              sl              F
    10        200                20         3.1125          30            2400.0      30.0


CUSTOMER
CUST NO. XCOORD. YCOORD. DEMAND READY TIME DUE DATE SERVICE TIME TL (°„C) TU (°„C) HL (%) HU (%)
       0      40.0       50.0       0.0          0.0    3390.0        0.0     -4.0     15.0     80.0    100.0
       1      60.0       66.0      10.0       1247.0    1434.0       90.0      7.0     10.0     85.0     95.0
       2       8.0       40.0      40.0        234.0    1295.0       90.0      7.0     10.0     85.0     95.0
       3      34.0       25.0      30.0       1782.0    2395.0       90.0      1.0      5.0     85.0     91.0
       4      35.0        5.0      20.0       1180.0    2049.0       90.0      8.0     10.0     85.0     95.0
       5      42.0       30.0      10.0        641.0    1070.0       90.0      4.0      5.0     85.0     95.0
       6      85.0       25.0      10.0       2369.0    2816.0       90.0      4.0      5.0     85.0     95.0
       7      70.0       58.0      20.0       1617.0    1824.0       90.0      8.0     10.0     85.0     95.0
       8      56.0       64.0      10.0       1275.0    1594.0       90.0      4.0      5.0     85.0     95.0
       9      62.0       80.0      30.0        852.0    1069.0       90.0      4.0      6.0     90.0     95.0
      10      55.0       85.0      20.0        477.0     686.0       90.0      7.0     10.0     85.0     95.0
      11      40.0       50.0       0.0          0.0    3390.0        0.0     -4.0     15.0     80.0    100.0
