RANGE
4265.9
NUMBER     CAPACITY      CAPACITY      beta      flight              sl              F
    10        200                20         3.1125          30            2400.0      30.0


CUSTOMER
CUST NO. XCOORD. YCOORD. DEMAND READY TIME DUE DATE SERVICE TIME TL (°„C) TU (°„C) HL (%) HU (%)
       0      40.0       50.0       0.0          0.0    1236.0        0.0     -4.0     15.0     80.0    100.0
       1      40.0       69.0      20.0        580.0     743.0       90.0      7.0     10.0     85.0     95.0
       2      35.0       66.0      10.0        331.0     436.0       90.0      1.0      5.0     85.0     91.0
       3      30.0       50.0      10.0         10.0     137.0       90.0      1.0      5.0     85.0     91.0
       4      20.0       55.0      10.0        422.0     531.0       90.0      4.0      6.0     90.0     95.0
       5      25.0       35.0      10.0        883.0     998.0       90.0      1.0      5.0     85.0     91.0
       6      47.0       40.0      10.0         12.0     143.0       90.0      7.0     10.0     85.0     95.0
       7      45.0       35.0      10.0        889.0     996.0       90.0      4.0      5.0     85.0     95.0
       8      45.0       65.0      20.0        962.0    1103.0       90.0      1.0      5.0     85.0     91.0
       9      90.0       35.0      10.0        175.0     288.0       90.0      7.0     10.0     85.0     95.0
      10      75.0       55.0      20.0        344.0     445.0       90.0      7.0     10.0     85.0     95.0
      11      40.0       50.0       0.0          0.0    1236.0        0.0     -4.0     15.0     80.0    100.0
