RANGE
4265.9
NUMBER     CAPACITY      CAPACITY      beta      flight              sl              F
    10        200                20         3.1125          30            2400.0      30.0


CUSTOMER
CUST NO. XCOORD. YCOORD. DEMAND READY TIME DUE DATE SERVICE TIME TL (°„C) TU (°„C) HL (%) HU (%)
       0      40.0       50.0       0.0          0.0    3390.0        0.0     -4.0     15.0     80.0    100.0
       1      28.0       70.0      10.0       2601.0    2761.0       90.0      7.0     10.0     85.0     95.0
       2       8.0       40.0      40.0        685.0     845.0       90.0      4.0      5.0     85.0     95.0
       3      32.0       20.0      10.0       1913.0    2073.0       90.0      8.0     10.0     85.0     95.0
       4      34.0       25.0      30.0       2009.0    2169.0       90.0     -2.0      1.0     90.0     95.0
       5      26.0       32.0      10.0       2292.0    2452.0       90.0     -2.0      1.0     90.0     95.0
       6      40.0        5.0      30.0       1350.0    1510.0       90.0      7.0     10.0     85.0     95.0
       7      38.0       10.0      10.0       1630.0    1790.0       90.0      1.0      5.0     85.0     91.0
       8      47.0       35.0      10.0        588.0     748.0       90.0      7.0     10.0     85.0     95.0
       9      95.0       35.0      20.0       2226.0    2386.0       90.0      1.0      5.0     85.0     91.0
      10      53.0       35.0      50.0        213.0     373.0       90.0      4.0      5.0     85.0     95.0
      11      40.0       50.0       0.0          0.0    3390.0        0.0     -4.0     15.0     80.0    100.0
