RANGE
4265.9
NUMBER     CAPACITY      CAPACITY      beta      flight              sl              F
    10        200                20         3.1125          30            2400.0      30.0


CUSTOMER
CUST NO. XCOORD. YCOORD. DEMAND READY TIME DUE DATE SERVICE TIME TL (°„C) TU (°„C) HL (%) HU (%)
       0      40.0       50.0       0.0          0.0    3390.0        0.0     -4.0     15.0     80.0    100.0
       1      58.0       70.0      20.0       1059.0    1246.0       90.0      7.0     10.0     85.0     95.0
       2      28.0       70.0      10.0       2090.0    3271.0       90.0      7.0     10.0     85.0     95.0
       3      20.0       80.0      40.0       1858.0    2733.0       90.0      4.0      6.0     90.0     95.0
       4      33.0       32.0      20.0       2421.0    3070.0       90.0      2.0      5.0     85.0     90.0
       5      30.0       30.0      10.0       1805.0    2564.0       90.0      3.0      5.0     85.0     90.0
       6      44.0        5.0      20.0       1078.0    1593.0       90.0      7.0     10.0     85.0     95.0
       7      47.0       35.0      10.0        393.0     942.0       90.0      7.0     10.0     85.0     95.0
       8      95.0       35.0      20.0       2192.0    2419.0       90.0      1.0      5.0     85.0     91.0
       9      65.0       60.0      30.0       1482.0    1769.0       90.0      0.0      0.0     90.0     95.0
      10      60.0       85.0      30.0        537.0     816.0       90.0      3.0      5.0     85.0     90.0
      11      40.0       50.0       0.0          0.0    3390.0        0.0     -4.0     15.0     80.0    100.0
