RANGE
4265.9
NUMBER     CAPACITY      CAPACITY      beta      flight              sl              F
    10        200                20         3.1125          30            2400.0      30.0


CUSTOMER
CUST NO. XCOORD. YCOORD. DEMAND READY TIME DUE DATE SERVICE TIME TL (°„C) TU (°„C) HL (%) HU (%)
       0      40.0       50.0       0.0          0.0    3390.0        0.0     -4.0     15.0     80.0    100.0
       1      35.0       69.0      10.0       2698.0    2858.0       90.0      4.0      6.0     90.0     95.0
       2      10.0       40.0      30.0          0.0    3268.0       90.0      4.0      5.0     85.0     95.0
       3       5.0       35.0      10.0        876.0    1036.0       90.0      4.0      5.0     85.0     95.0
       4      33.0       35.0      10.0          0.0    3283.0       90.0      4.0      5.0     85.0     95.0
       5      30.0       35.0      10.0          0.0    3281.0       90.0      8.0     10.0     85.0     95.0
       6      50.0       30.0      10.0          0.0    3277.0       90.0      7.0     10.0     85.0     95.0
       7      48.0       30.0      10.0        493.0     653.0       90.0      4.0      5.0     85.0     95.0
       8      75.0       55.0      20.0          0.0    3264.0       90.0      7.0     10.0     85.0     95.0
       9      56.0       64.0      10.0          0.0    3278.0       90.0      4.0      5.0     85.0     95.0
      10      55.0       80.0      10.0        407.0     567.0       90.0      4.0      5.0     85.0     95.0
      11      40.0       50.0       0.0          0.0    3390.0        0.0     -4.0     15.0     80.0    100.0
