RANGE
4265.9
NUMBER     CAPACITY      CAPACITY      beta      flight              sl              F
    10        200                20         3.1125          30            2400.0      30.0


CUSTOMER
CUST NO. XCOORD. YCOORD. DEMAND READY TIME DUE DATE SERVICE TIME TL (°„C) TU (°„C) HL (%) HU (%)
       0      35.0       35.0       0.0          0.0     230.0        0.0     -4.0     15.0     80.0    100.0
       1      45.0       20.0      11.0         37.0      96.0       10.0      7.0     10.0     85.0     95.0
       2      40.0       60.0      21.0         49.0     102.0       10.0      4.0      6.0     90.0     95.0
       3      35.0       69.0      23.0        116.0     175.0       10.0      4.0      5.0     85.0     95.0
       4      53.0       52.0      11.0         24.0      92.0       10.0      7.0     10.0     85.0     95.0
       5      49.0       58.0      10.0         64.0     121.0       10.0      4.0      5.0     85.0     95.0
       6      17.0       34.0       3.0        134.0     199.0       10.0      8.0     10.0     85.0     95.0
       7      62.0       77.0      20.0         49.0     113.0       10.0      4.0      6.0     90.0     95.0
       8      57.0       68.0      15.0         54.0     109.0       10.0      4.0      5.0     85.0     95.0
       9      31.0       67.0       3.0         73.0     126.0       10.0      8.0     10.0     85.0     95.0
      10      26.0       27.0      27.0         81.0     128.0       10.0      7.0     10.0     85.0     95.0
      11      35.0       35.0       0.0          0.0     230.0        0.0     -4.0     15.0     80.0    100.0
