RANGE
4265.9
NUMBER     CAPACITY      CAPACITY      beta      flight              sl              F
    10        200                20         3.1125          30            2400.0      30.0


CUSTOMER
CUST NO. XCOORD. YCOORD. DEMAND READY TIME DUE DATE SERVICE TIME TL (°„C) TU (°„C) HL (%) HU (%)
       0      35.0       35.0       0.0          0.0     230.0        0.0     -4.0     15.0     80.0    100.0
       1      15.0       30.0      26.0          0.0     199.0       10.0      7.0     10.0     85.0     95.0
       2      20.0       50.0       5.0          0.0     198.0       10.0      8.0     10.0     85.0     95.0
       3      20.0       40.0      12.0         77.0     107.0       10.0      1.0      5.0     85.0     91.0
       4      45.0       20.0      11.0          0.0     201.0       10.0      7.0     10.0     85.0     95.0
       5      63.0       65.0       8.0        133.0     163.0       10.0      4.0      5.0     85.0     95.0
       6      13.0       52.0      36.0          0.0     192.0       10.0      4.0      6.0     90.0     95.0
       7      37.0       31.0      14.0         85.0     115.0       10.0      4.0      5.0     85.0     95.0
       8      24.0       58.0      19.0         48.0      78.0       10.0      8.0     10.0     85.0     95.0
       9      49.0       73.0      25.0        117.0     147.0       10.0      4.0      5.0     85.0     95.0
      10      18.0       24.0      22.0        169.0     199.0       10.0      4.0      5.0     85.0     95.0
      11      35.0       35.0       0.0          0.0     230.0        0.0     -4.0     15.0     80.0    100.0
