RANGE
4265.9
NUMBER     CAPACITY      CAPACITY      beta      flight              sl              F
    10        200                20         3.1125          30            2400.0      30.0


CUSTOMER
CUST NO. XCOORD. YCOORD. DEMAND READY TIME DUE DATE SERVICE TIME TL (°„C) TU (°„C) HL (%) HU (%)
       0      35.0       35.0       0.0          0.0     230.0        0.0     -4.0     15.0     80.0    100.0
       1      55.0       20.0      19.0        149.0     159.0       10.0      4.0      6.0     90.0     95.0
       2      41.0       37.0      16.0          0.0     213.0       10.0      8.0     10.0     85.0     95.0
       3       8.0       56.0      27.0          0.0     185.0       10.0      7.0     10.0     85.0     95.0
       4      21.0       24.0      28.0          0.0     202.0       10.0      1.0      5.0     85.0     91.0
       5      24.0       58.0      19.0         58.0      68.0       10.0      7.0     10.0     85.0     95.0
       6      62.0       77.0      20.0          0.0     170.0       10.0      3.0      5.0     85.0     90.0
       7      67.0        5.0      25.0         83.0      93.0       10.0      4.0      5.0     85.0     95.0
       8      57.0       48.0      23.0         92.0     102.0       10.0      0.0      0.0     90.0     95.0
       9      22.0       22.0       2.0         18.0      28.0       10.0      2.0      5.0     85.0     90.0
      10      26.0       27.0      27.0          0.0     207.0       10.0      4.0      6.0     90.0     95.0
      11      35.0       35.0       0.0          0.0     230.0        0.0     -4.0     15.0     80.0    100.0
