RANGE
4265.9
NUMBER     CAPACITY      CAPACITY      beta      flight              sl              F
    10        200                20         3.1125          30            2400.0      30.0


CUSTOMER
CUST NO. XCOORD. YCOORD. DEMAND READY TIME DUE DATE SERVICE TIME TL (°C) TU (°C) HL (%) HU (%)
       0      35.0       35.0       0.0          0.0    1000.0        0.0     -4.0     15.0     80.0    100.0
       1      55.0       45.0      13.0        527.0     584.0       10.0      0.0      2.0     85.0     90.0
       2      20.0       65.0      12.0        206.0     325.0       10.0      4.0      5.0     85.0     95.0
       3      63.0       65.0       8.0        686.0     813.0       10.0      4.0      6.0     90.0     95.0
       4      24.0       12.0       5.0         25.0     172.0       10.0      0.0      0.0     90.0     95.0
       5      13.0       52.0      36.0        773.0     906.0       10.0     13.0     14.0     90.0     95.0
       6      57.0       29.0      18.0        641.0     734.0       10.0     -2.0      1.0     90.0     95.0
       7      21.0       24.0      28.0         17.0     229.0       10.0      0.0      0.0     95.0    100.0
       8      12.0       24.0      13.0        290.0     377.0       10.0      2.0      4.0     85.0     95.0
       9      14.0       37.0      11.0         96.0     249.0       10.0      3.0      5.0     85.0     90.0
      10      26.0       35.0      15.0        755.0     920.0       10.0      1.0      5.0     85.0     91.0
      11      35.0       35.0       0.0          0.0    1000.0        0.0     -4.0     15.0     80.0    100.0
