RANGE
4265.9
NUMBER     CAPACITY      CAPACITY      beta      flight              sl              F
    10        200                20         3.1125          30            2400.0      30.0


CUSTOMER
CUST NO. XCOORD. YCOORD. DEMAND READY TIME DUE DATE SERVICE TIME TL (°C) TU (°C) HL (%) HU (%)
       0      35.0       35.0       0.0          0.0    1000.0        0.0     -4.0     15.0     80.0    100.0
       1      41.0       49.0      10.0          0.0     974.0       10.0      0.0      2.0     85.0     90.0
       2      35.0       17.0       7.0          0.0     972.0       10.0     10.0     12.0     85.0     95.0
       3      45.0       65.0       9.0        581.0     666.0       10.0      1.0      1.0     95.0     96.0
       4      65.0       35.0       3.0        704.0     847.0       10.0      2.0      5.0     85.0     90.0
       5      12.0       24.0      13.0        290.0     377.0       10.0      4.0      5.0     85.0     95.0
       6      49.0       73.0      25.0        592.0     693.0       10.0      0.0      1.0     80.0     85.0
       7      37.0       56.0       5.0        788.0     968.0       10.0      0.0      3.0     85.0     91.0
       8      44.0       17.0       9.0        308.0     399.0       10.0      8.0     10.0     85.0     95.0
       9      14.0       37.0      11.0          0.0     968.0       10.0      0.0      2.0     85.0     90.0
      10      25.0       24.0      20.0          0.0     975.0       10.0     13.0     15.0     85.0     95.0
      11      35.0       35.0       0.0          0.0    1000.0        0.0     -4.0     15.0     80.0    100.0
