RANGE
4265.9
NUMBER     CAPACITY      CAPACITY      beta      flight              sl              F
    10        200                20         3.1125          30            2400.0      30.0


CUSTOMER
CUST NO. XCOORD. YCOORD. DEMAND READY TIME DUE DATE SERVICE TIME TL (°C) TU (°C) HL (%) HU (%)
       0      35.0       35.0       0.0          0.0     230.0        0.0     -4.0     15.0     80.0    100.0
       1      30.0       60.0      16.0        107.0     150.0       10.0      0.0      0.0     95.0    100.0
       2      15.0       60.0      17.0         52.0     109.0       10.0      0.0      0.0     95.0    100.0
       3      55.0        5.0      29.0         43.0     102.0       10.0     10.0     10.0     85.0     95.0
       4      40.0       60.0      21.0         49.0     102.0       10.0      2.0      5.0     85.0     90.0
       5      20.0       20.0       8.0        113.0     164.0       10.0      4.0      9.0     85.0     90.0
       6      11.0       14.0      18.0         45.0     102.0       10.0     -1.0      7.0     80.0     85.0
       7       6.0       68.0      30.0         93.0     132.0       10.0      5.0      5.0     90.0     90.0
       8      47.0       47.0      13.0        102.0     155.0       10.0      4.0      5.0     85.0     95.0
       9      16.0       22.0      41.0         70.0     121.0       10.0      5.0      5.0     90.0     90.0
      10      18.0       18.0      17.0        123.0     195.0       10.0      4.0      9.0     85.0     90.0
      11      35.0       35.0       0.0          0.0     230.0        0.0     -4.0     15.0     80.0    100.0
