RANGE
4265.9
NUMBER     CAPACITY      CAPACITY      beta      flight              sl              F
    10        200                20         3.1125          30            2400.0      30.0


CUSTOMER
CUST NO. XCOORD. YCOORD. DEMAND READY TIME DUE DATE SERVICE TIME TL (°C) TU (°C) HL (%) HU (%)
       0      40.0       50.0       0.0          0.0    1236.0        0.0     -4.0     15.0     80.0    100.0
       1      25.0       50.0      10.0          0.0    1131.0       90.0     13.0     14.0     90.0     95.0
       2       0.0       45.0      20.0          0.0    1105.0       90.0      4.0      5.0     85.0     95.0
       3      33.0       35.0      10.0          0.0    1129.0       90.0     -1.0      0.0     85.0     90.0
       4      25.0       35.0      10.0          0.0    1124.0       90.0      2.0      5.0     85.0     90.0
       5      35.0        5.0      20.0          0.0    1100.0       90.0      5.0      5.0     85.0     90.0
       6      50.0       35.0      20.0        262.0     317.0       90.0      7.0     10.0     85.0     95.0
       7      45.0       30.0      10.0          0.0    1125.0       90.0      0.0      2.0     90.0     95.0
       8      88.0       35.0      20.0          0.0    1095.0       90.0      1.0      5.0     85.0     91.0
       9      65.0       85.0      40.0          0.0    1102.0       90.0     -4.0      1.0     85.0     90.0
      10      62.0       80.0      30.0          0.0    1108.0       90.0      4.0      5.0     85.0     95.0
      11      40.0       50.0       0.0          0.0    1236.0        0.0     -4.0     15.0     80.0    100.0
