RANGE
4265.9
NUMBER     CAPACITY      CAPACITY      beta      flight              sl              F
    10        200                20         3.1125          30            2400.0      30.0


CUSTOMER
CUST NO. XCOORD. YCOORD. DEMAND READY TIME DUE DATE SERVICE TIME TL (°C) TU (°C) HL (%) HU (%)
       0      40.0       50.0       0.0          0.0    1236.0        0.0     -4.0     15.0     80.0    100.0
       1      45.0       70.0      30.0        802.0     893.0       90.0      0.0      0.0     95.0    100.0
       2      28.0       52.0      20.0        776.0     919.0       90.0      5.0      5.0     90.0     90.0
       3      33.0       32.0      20.0         27.0     190.0       90.0     -1.0      0.0     85.0     90.0
       4      38.0        5.0      30.0        439.0     566.0       90.0     13.0     15.0     85.0     95.0
       5      47.0       40.0      10.0         12.0     143.0       90.0      7.0     10.0     85.0     95.0
       6      95.0       35.0      20.0        260.0     393.0       90.0     11.0     13.0     85.0     90.0
       7      92.0       30.0      10.0        442.0     587.0       90.0     -1.0      0.0     85.0     90.0
       8      53.0       35.0      50.0        323.0     442.0       90.0      8.0     10.0     85.0     95.0
       9      68.0       60.0      30.0        527.0     640.0       90.0      0.0      2.0     90.0     95.0
      10      58.0       75.0      20.0         30.0     139.0       90.0     13.0     14.0     90.0     95.0
      11      40.0       50.0       0.0          0.0    1236.0        0.0     -4.0     15.0     80.0    100.0
