RANGE
4265.9
NUMBER     CAPACITY      CAPACITY      beta      flight              sl              F
    10        200                20         3.1125          30            2400.0      30.0


CUSTOMER
CUST NO. XCOORD. YCOORD. DEMAND READY TIME DUE DATE SERVICE TIME TL (°C) TU (°C) HL (%) HU (%)
       0      40.0       50.0       0.0          0.0    1236.0        0.0     -4.0     15.0     80.0    100.0
       1      42.0       65.0      10.0          0.0    1130.0       90.0      7.0     10.0     85.0     95.0
       2      22.0       85.0      10.0          0.0    1106.0       90.0      0.0      0.0     90.0     95.0
       3      25.0       52.0      40.0        169.0     224.0       90.0     -4.0      1.0     85.0     90.0
       4      28.0       35.0      10.0       1001.0    1066.0       90.0      0.0      2.0     90.0     95.0
       5      35.0        5.0      20.0          0.0    1100.0       90.0      3.0      5.0     85.0     90.0
       6      48.0       30.0      10.0        632.0     693.0       90.0     -4.0      1.0     85.0     90.0
       7      95.0       30.0      30.0        387.0     456.0       90.0      0.0      3.0     85.0     91.0
       8      92.0       30.0      10.0          0.0    1090.0       90.0      2.0      4.0     85.0     95.0
       9      65.0       60.0      30.0        645.0     708.0       90.0      5.0      5.0     85.0     90.0
      10      65.0       82.0      10.0          0.0    1105.0       90.0      0.0      2.0     90.0     95.0
      11      40.0       50.0       0.0          0.0    1236.0        0.0     -4.0     15.0     80.0    100.0
