RANGE
4265.9
NUMBER     CAPACITY      CAPACITY      beta      flight              sl              F
    10        200                20         3.1125          30            2400.0      30.0


CUSTOMER
CUST NO. XCOORD. YCOORD. DEMAND READY TIME DUE DATE SERVICE TIME TL (°C) TU (°C) HL (%) HU (%)
       0      40.0       50.0       0.0          0.0    1236.0        0.0     -4.0     15.0     80.0    100.0
       1      25.0       50.0      10.0         25.0     184.0       90.0     -1.0      7.0     80.0     85.0
       2       0.0       45.0      20.0        538.0     653.0       90.0     13.0     15.0     85.0     95.0
       3      33.0       35.0      10.0         16.0     144.0       90.0     -4.0      1.0     85.0     90.0
       4      25.0       35.0      10.0        883.0     998.0       90.0      4.0      9.0     85.0     90.0
       5      35.0        5.0      20.0        529.0     662.0       90.0      5.0      5.0     85.0     90.0
       6      50.0       35.0      20.0        235.0     344.0       90.0      0.0      3.0     85.0     91.0
       7      45.0       30.0      10.0        712.0     799.0       90.0      4.0      5.0     85.0     95.0
       8      88.0       35.0      20.0         78.0     201.0       90.0     -1.0      0.0     90.0     95.0
       9      65.0       85.0      40.0        453.0     540.0       90.0      0.0      3.0     85.0     91.0
      10      62.0       80.0      30.0        174.0     261.0       90.0      4.0      5.0     85.0     95.0
      11      40.0       50.0       0.0          0.0    1236.0        0.0     -4.0     15.0     80.0    100.0
