RANGE
4265.9
NUMBER     CAPACITY      CAPACITY      beta      flight              sl              F
    10        200                20         3.1125          30            2400.0      30.0


CUSTOMER
CUST NO. XCOORD. YCOORD. DEMAND READY TIME DUE DATE SERVICE TIME TL (°C) TU (°C) HL (%) HU (%)
       0      40.0       50.0       0.0          0.0    1236.0        0.0     -4.0     15.0     80.0    100.0
       1      45.0       70.0      30.0        758.0     938.0       90.0      8.0     10.0     85.0     95.0
       2      28.0       52.0      20.0        758.0     938.0       90.0      0.0      1.0     80.0     85.0
       3      33.0       32.0      20.0         19.0     199.0       90.0      0.0      3.0     85.0     91.0
       4      38.0        5.0      30.0        413.0     593.0       90.0     -4.0      1.0     85.0     90.0
       5      47.0       40.0      10.0         12.0     192.0       90.0     10.0     10.0     85.0     95.0
       6      95.0       35.0      20.0        237.0     417.0       90.0      7.0     10.0     85.0     95.0
       7      92.0       30.0      10.0        425.0     605.0       90.0      0.0      2.0     85.0     90.0
       8      53.0       35.0      50.0        293.0     473.0       90.0      8.0     10.0     85.0     95.0
       9      68.0       60.0      30.0        494.0     674.0       90.0     -2.0      1.0     90.0     95.0
      10      58.0       75.0      20.0         30.0     210.0       90.0     -1.0      7.0     80.0     85.0
      11      40.0       50.0       0.0          0.0    1236.0        0.0     -4.0     15.0     80.0    100.0
