RANGE
4265.9
NUMBER     CAPACITY      CAPACITY      beta      flight              sl              F
    10        200                20         3.1125          30            2400.0      30.0


CUSTOMER
CUST NO. XCOORD. YCOORD. DEMAND READY TIME DUE DATE SERVICE TIME TL (°C) TU (°C) HL (%) HU (%)
       0      40.0       50.0       0.0          0.0    1236.0        0.0     -4.0     15.0     80.0    100.0
       1      38.0       70.0      10.0        390.0     750.0       90.0     -2.0      1.0     90.0     95.0
       2      25.0       55.0      10.0        482.0     842.0       90.0     -4.0      1.0     85.0     90.0
       3      30.0       30.0      10.0        391.0     751.0       90.0      7.0     10.0     85.0     95.0
       4      30.0       35.0      10.0        767.0    1127.0       90.0     -1.0      0.0     90.0     90.0
       5      26.0       32.0      10.0        668.0    1028.0       90.0     -4.0      1.0     85.0     90.0
       6      25.0       30.0      10.0        576.0     936.0       90.0     -1.0      7.0     80.0     85.0
       7      53.0       35.0      50.0        203.0     563.0       90.0      0.0      2.0     90.0     95.0
       8      65.0       60.0      30.0        497.0     857.0       90.0      0.0      0.0     95.0    100.0
       9      62.0       80.0      30.0         38.0     398.0       90.0      3.0      5.0     85.0     90.0
      10      55.0       80.0      10.0        602.0     962.0       90.0     10.0     10.0     85.0     95.0
      11      40.0       50.0       0.0          0.0    1236.0        0.0     -4.0     15.0     80.0    100.0
