RANGE
4265.9
NUMBER     CAPACITY      CAPACITY      beta      flight              sl              F
    10        200                20         3.1125          30            2400.0      30.0


CUSTOMER
CUST NO. XCOORD. YCOORD. DEMAND READY TIME DUE DATE SERVICE TIME TL (°C) TU (°C) HL (%) HU (%)
       0      35.0       35.0       0.0          0.0     230.0        0.0     -4.0     15.0     80.0    100.0
       1      20.0       50.0       5.0         71.0     101.0       10.0      0.0      3.0     85.0     91.0
       2      65.0       20.0       6.0        156.0     186.0       10.0     11.0     13.0     85.0     90.0
       3      20.0       20.0       8.0        124.0     154.0       10.0     10.0     12.0     85.0     95.0
       4      40.0       25.0       9.0         75.0     105.0       10.0     13.0     15.0     85.0     95.0
       5      42.0        7.0       5.0         87.0     117.0       10.0      0.0      0.0     90.0     95.0
       6       8.0       56.0      27.0         41.0      71.0       10.0      0.0      1.0     80.0     85.0
       7      37.0       31.0      14.0         85.0     115.0       10.0      5.0      5.0     90.0     90.0
       8      32.0       12.0       7.0         91.0     121.0       10.0     -4.0      1.0     85.0     90.0
       9      57.0       48.0      23.0         82.0     112.0       10.0      1.0      5.0     85.0     91.0
      10      26.0       52.0       9.0         64.0      94.0       10.0     11.0     13.0     85.0     90.0
      11      35.0       35.0       0.0          0.0     230.0        0.0     -4.0     15.0     80.0    100.0
