RANGE
4265.9
NUMBER     CAPACITY      CAPACITY      beta      flight              sl              F
    10        200                20         3.1125          30            2400.0      30.0


CUSTOMER
CUST NO. XCOORD. YCOORD. DEMAND READY TIME DUE DATE SERVICE TIME TL (°C) TU (°C) HL (%) HU (%)
       0      35.0       35.0       0.0          0.0     230.0        0.0     -4.0     15.0     80.0    100.0
       1      35.0       17.0       7.0         18.0     202.0       10.0     -4.0      1.0     85.0     90.0
       2      30.0       25.0      23.0        147.0     180.0       10.0     -4.0      1.0     85.0     90.0
       3      10.0       20.0      19.0         29.0     139.0       10.0      5.0      5.0     85.0     90.0
       4       5.0       30.0       2.0        124.0     189.0       10.0     -1.0      0.0     90.0     95.0
       5       2.0       60.0       5.0         41.0     112.0       10.0      4.0      5.0     85.0     95.0
       6      21.0       24.0      28.0         17.0     202.0       10.0      1.0      5.0     85.0     91.0
       7      17.0       34.0       3.0         70.0     201.0       10.0      0.0      2.0     90.0     95.0
       8      12.0       24.0      13.0         29.0     132.0       10.0      0.0      1.0     80.0     85.0
       9      56.0       39.0      36.0        117.0     176.0       10.0      1.0      1.0     95.0     96.0
      10      18.0       18.0      17.0        159.0     195.0       10.0      0.0      3.0     85.0     91.0
      11      35.0       35.0       0.0          0.0     230.0        0.0     -4.0     15.0     80.0    100.0
