RANGE
4265.9
NUMBER     CAPACITY      CAPACITY      beta      flight              sl              F
    20        200                20         3.1125          30            2400.0      30.0


CUSTOMER
CUST NO. XCOORD. YCOORD. DEMAND READY TIME DUE DATE SERVICE TIME TL (°C) TU (°C) HL (%) HU (%)
       0      40.0       50.0       0.0          0.0     960.0        0.0     -4.0     15.0     80.0    100.0
       1      25.0       85.0      20.0        591.0     874.0       10.0      2.0      5.0     85.0     90.0
       2      22.0       75.0      30.0         73.0     350.0       10.0     -2.0      1.0     90.0     95.0
       3      15.0       75.0      20.0        281.0     438.0       10.0      0.0      0.0     95.0    100.0
       4      15.0       80.0      10.0        272.0     581.0       10.0     -1.0      7.0     80.0     85.0
       5      42.0       15.0      10.0        511.0     682.0       10.0     13.0     14.0     90.0     95.0
       6      40.0        5.0      10.0        158.0     391.0       10.0      2.0      4.0     85.0     95.0
       7      38.0       15.0      10.0        598.0     883.0       10.0      0.0      2.0     85.0     90.0
       8      62.0       80.0      30.0        131.0     544.0       10.0      4.0      6.0     90.0     95.0
       9      60.0       85.0      30.0        233.0     544.0       10.0      1.0      5.0     85.0     91.0
      10      58.0       75.0      20.0        207.0     664.0       10.0      5.0      5.0     85.0     90.0
      11      25.0       30.0       3.0        109.0     360.0       10.0     13.0     14.0     90.0     95.0
      12      30.0       60.0      16.0        421.0     896.0       10.0      5.0      5.0     90.0     90.0
      13      45.0       30.0      17.0         20.0     497.0       10.0     10.0     12.0     85.0     95.0
      14      65.0       55.0      14.0        201.0     400.0       10.0     10.0     10.0     85.0     95.0
      15       2.0       60.0       5.0        255.0     436.0       10.0      8.0     10.0     85.0     95.0
      16       8.0       56.0      27.0        195.0     654.0       10.0     -1.0      7.0     80.0     85.0
      17      57.0       29.0      18.0        304.0     605.0       10.0     -2.0      1.0     90.0     95.0
      18      24.0       58.0      19.0        100.0     539.0       10.0      0.0      0.0     95.0    100.0
      19      37.0       47.0       6.0        324.0     513.0       10.0      2.0      4.0     85.0     95.0
      20      26.0       35.0      15.0        170.0     565.0       10.0     13.0     14.0     90.0     95.0
      21      40.0       50.0       0.0          0.0     960.0        0.0     -4.0     15.0     80.0    100.0
