RANGE
4265.9
NUMBER     CAPACITY      CAPACITY      beta      flight              sl              F
    20        200                20         3.1125          30            2400.0      30.0


CUSTOMER
CUST NO. XCOORD. YCOORD. DEMAND READY TIME DUE DATE SERVICE TIME TL (°C) TU (°C) HL (%) HU (%)
       0      40.0       50.0       0.0          0.0    1236.0        0.0     -4.0     15.0     80.0    100.0
       1      40.0       69.0      20.0        482.0     842.0       90.0     -4.0      1.0     85.0     90.0
       2      22.0       85.0      10.0        414.0     774.0       90.0      3.0      5.0     85.0     90.0
       3      25.0       50.0      10.0         15.0     375.0       90.0      0.0      0.0     95.0    100.0
       4      23.0       55.0      20.0        390.0     750.0       90.0      5.0      5.0     90.0     90.0
       5       0.0       45.0      20.0        416.0     776.0       90.0     -1.0      0.0     90.0     90.0
       6      33.0       35.0      10.0         16.0     376.0       90.0     10.0     10.0     85.0     95.0
       7      30.0       32.0      30.0        299.0     659.0       90.0      0.0      1.0     80.0     85.0
       8      28.0       35.0      10.0        766.0    1126.0       90.0      5.0      5.0     85.0     90.0
       9      25.0       35.0      10.0        761.0    1121.0       90.0     -1.0      0.0     90.0     90.0
      10      40.0       15.0      40.0         35.0     395.0       90.0      1.0      1.0     95.0     96.0
      11      38.0        5.0      30.0        323.0     683.0       90.0      1.0      5.0     85.0     91.0
      12      35.0        5.0      20.0        416.0     776.0       90.0      8.0     10.0     85.0     95.0
      13      50.0       35.0      20.0        110.0     470.0       90.0      0.0      0.0     90.0     95.0
      14      45.0       30.0      10.0        576.0     936.0       90.0      2.0      4.0     85.0     95.0
      15      95.0       30.0      30.0        242.0     602.0       90.0     -1.0      7.0     80.0     85.0
      16      53.0       35.0      50.0        203.0     563.0       90.0      0.0      2.0     90.0     95.0
      17      88.0       35.0      20.0         50.0     410.0       90.0      7.0     10.0     85.0     95.0
      18      87.0       30.0      10.0        520.0     880.0       90.0      0.0      0.0     90.0     95.0
      19      65.0       85.0      40.0        317.0     677.0       90.0      0.0      2.0     85.0     90.0
      20      62.0       80.0      30.0         38.0     398.0       90.0      3.0      5.0     85.0     90.0
      21      40.0       50.0       0.0          0.0    1236.0        0.0     -4.0     15.0     80.0    100.0
