RANGE
4265.9
NUMBER     CAPACITY      CAPACITY      beta      flight              sl              F
    20        200                20         3.1125          30            2400.0      30.0


CUSTOMER
CUST NO. XCOORD. YCOORD. DEMAND READY TIME DUE DATE SERVICE TIME TL (°C) TU (°C) HL (%) HU (%)
       0      40.0       50.0       0.0          0.0    1236.0        0.0     -4.0     15.0     80.0    100.0
       1      45.0       70.0      30.0        758.0     938.0       90.0      8.0     10.0     85.0     95.0
       2      40.0       66.0      20.0        108.0     288.0       90.0      0.0      2.0     90.0     95.0
       3      38.0       68.0      20.0        200.0     380.0       90.0     10.0     12.0     85.0     95.0
       4      35.0       66.0      10.0        294.0     474.0       90.0     -1.0      0.0     90.0     90.0
       5      15.0       75.0      20.0        127.0     307.0       90.0     10.0     10.0     85.0     95.0
       6      28.0       52.0      20.0        758.0     938.0       90.0      0.0      1.0     80.0     85.0
       7      33.0       32.0      20.0         19.0     199.0       90.0      0.0      3.0     85.0     91.0
       8      38.0        5.0      30.0        413.0     593.0       90.0     -4.0      1.0     85.0     90.0
       9      38.0       15.0      10.0        606.0     786.0       90.0      8.0     10.0     85.0     95.0
      10      35.0        5.0      20.0        506.0     686.0       90.0     13.0     15.0     85.0     95.0
      11      47.0       40.0      10.0         12.0     192.0       90.0     10.0     10.0     85.0     95.0
      12      45.0       30.0      10.0        666.0     846.0       90.0     10.0     12.0     85.0     95.0
      13      95.0       35.0      20.0        237.0     417.0       90.0      7.0     10.0     85.0     95.0
      14      92.0       30.0      10.0        425.0     605.0       90.0      0.0      2.0     85.0     90.0
      15      53.0       35.0      50.0        293.0     473.0       90.0      8.0     10.0     85.0     95.0
      16      85.0       35.0      30.0         47.0     227.0       90.0      4.0      6.0     90.0     95.0
      17      68.0       60.0      30.0        494.0     674.0       90.0     -2.0      1.0     90.0     95.0
      18      65.0       55.0      20.0         25.0     205.0       90.0      1.0      1.0     95.0     96.0
      19      62.0       80.0      30.0        128.0     308.0       90.0     11.0     13.0     85.0     90.0
      20      58.0       75.0      20.0         30.0     210.0       90.0     -1.0      7.0     80.0     85.0
      21      40.0       50.0       0.0          0.0    1236.0        0.0     -4.0     15.0     80.0    100.0
