RANGE
4265.9
NUMBER     CAPACITY      CAPACITY      beta      flight              sl              F
    20        200                20         3.1125          30            2400.0      30.0


CUSTOMER
CUST NO. XCOORD. YCOORD. DEMAND READY TIME DUE DATE SERVICE TIME TL (°C) TU (°C) HL (%) HU (%)
       0      35.0       35.0       0.0          0.0     230.0        0.0     -4.0     15.0     80.0    100.0
       1      25.0       30.0       3.0          0.0     208.0       10.0      0.0      3.0     85.0     91.0
       2      55.0       60.0      16.0         97.0     107.0       10.0      1.0      5.0     85.0     91.0
       3      50.0       35.0      19.0          0.0     205.0       10.0      7.0     10.0     85.0     95.0
       4      20.0       40.0      12.0          0.0     204.0       10.0      2.0      4.0     85.0     95.0
       5      45.0       10.0      18.0          0.0     193.0       10.0      1.0      1.0     95.0     96.0
       6      65.0       20.0       6.0        172.0     182.0       10.0      7.0     10.0     85.0     95.0
       7      64.0       42.0       9.0          0.0     190.0       10.0      8.0     10.0     85.0     95.0
       8      35.0       69.0      23.0          0.0     186.0       10.0      1.0      1.0     95.0     96.0
       9      11.0       14.0      18.0         69.0      79.0       10.0     -2.0      1.0     90.0     95.0
      10       6.0       38.0      16.0          0.0     190.0       10.0     13.0     15.0     85.0     95.0
      11      17.0       34.0       3.0          0.0     201.0       10.0      0.0      0.0     95.0    100.0
      12      27.0       69.0      10.0          0.0     185.0       10.0     13.0     14.0     90.0     95.0
      13      37.0       56.0       5.0          0.0     198.0       10.0      5.0      5.0     90.0     90.0
      14      57.0       68.0      15.0          0.0     180.0       10.0     10.0     10.0     85.0     95.0
      15      47.0       16.0      25.0          0.0     197.0       10.0      4.0      9.0     85.0     90.0
      16      49.0       11.0      18.0          0.0     192.0       10.0     11.0     13.0     85.0     90.0
      17      57.0       48.0      23.0         92.0     102.0       10.0      8.0     10.0     85.0     95.0
      18      56.0       37.0       6.0          0.0     198.0       10.0     -1.0      0.0     90.0     90.0
      19      55.0       54.0      26.0          0.0     192.0       10.0      4.0      6.0     90.0     95.0
      20      15.0       19.0       1.0          0.0     194.0       10.0      7.0     10.0     85.0     95.0
      21      35.0       35.0       0.0          0.0     230.0        0.0     -4.0     15.0     80.0    100.0
