RANGE
4265.9
NUMBER     CAPACITY      CAPACITY      beta      flight              sl              F
    20        200                20         3.1125          30            2400.0      30.0


CUSTOMER
CUST NO. XCOORD. YCOORD. DEMAND READY TIME DUE DATE SERVICE TIME TL (°C) TU (°C) HL (%) HU (%)
       0      35.0       35.0       0.0          0.0    1000.0        0.0     -4.0     15.0     80.0    100.0
       1      55.0       20.0      19.0        620.0     860.0       10.0      7.0     10.0     85.0     95.0
       2      30.0       60.0      16.0        485.0     725.0       10.0      0.0      1.0     90.0     95.0
       3      15.0       60.0      17.0          0.0     957.0       10.0     11.0     13.0     85.0     90.0
       4      45.0       20.0      11.0          0.0     971.0       10.0      2.0      5.0     85.0     90.0
       5      55.0        5.0      29.0        146.0     386.0       10.0      8.0     10.0     85.0     95.0
       6      65.0       20.0       6.0        716.0     956.0       10.0      4.0      9.0     85.0     90.0
       7      40.0       60.0      21.0        187.0     427.0       10.0      5.0      5.0     85.0     90.0
       8      31.0       52.0      27.0          0.0     972.0       10.0     10.0     12.0     85.0     95.0
       9      20.0       20.0       8.0          0.0     968.0       10.0     -1.0      7.0     80.0     85.0
      10      60.0       12.0      31.0         33.0     273.0       10.0     10.0     12.0     85.0     95.0
      11      40.0       25.0       9.0        279.0     519.0       10.0      4.0      5.0     85.0     95.0
      12      11.0       14.0      18.0        167.0     407.0       10.0      4.0      9.0     85.0     90.0
      13       6.0       38.0      16.0         29.0     269.0       10.0      5.0      5.0     85.0     90.0
      14       6.0       68.0      30.0        401.0     641.0       10.0     -1.0      0.0     85.0     90.0
      15      47.0       47.0      13.0          0.0     973.0       10.0      0.0      2.0     90.0     95.0
      16      37.0       31.0      14.0        332.0     572.0       10.0      1.0      1.0     95.0     96.0
      17      17.0       34.0       3.0          0.0     971.0       10.0     10.0     12.0     85.0     95.0
      18      47.0       16.0      25.0          0.0     967.0       10.0      7.0     10.0     85.0     95.0
      19      16.0       22.0      41.0          0.0     966.0       10.0      0.0      2.0     85.0     90.0
      20      18.0       18.0      17.0        725.0     965.0       10.0      0.0      2.0     85.0     90.0
      21      35.0       35.0       0.0          0.0    1000.0        0.0     -4.0     15.0     80.0    100.0
