RANGE
4265.9
NUMBER     CAPACITY      CAPACITY      beta      flight              sl              F
    20        200                20         3.1125          30            2400.0      30.0


CUSTOMER
CUST NO. XCOORD. YCOORD. DEMAND READY TIME DUE DATE SERVICE TIME TL (°C) TU (°C) HL (%) HU (%)
       0      40.0       50.0       0.0          0.0     960.0        0.0     -4.0     15.0     80.0    100.0
       1      22.0       85.0      10.0        411.0     651.0       10.0      1.0      5.0     85.0     91.0
       2       5.0       45.0      10.0         35.0     275.0       10.0      7.0     10.0     85.0     95.0
       3       2.0       40.0      20.0        114.0     354.0       10.0      0.0      1.0     80.0     85.0
       4       0.0       45.0      20.0        643.0     883.0       10.0     10.0     12.0     85.0     95.0
       5      40.0        5.0      10.0        155.0     395.0       10.0      0.0      2.0     85.0     90.0
       6      35.0        5.0      20.0        664.0     904.0       10.0     10.0     10.0     85.0     95.0
       7      95.0       35.0      20.0         86.0     326.0       10.0      0.0      2.0     85.0     90.0
       8      90.0       35.0      10.0        134.0     374.0       10.0      4.0      6.0     90.0     95.0
       9      87.0       30.0      10.0        561.0     801.0       10.0     -2.0      1.0     90.0     95.0
      10      85.0       25.0      10.0         51.0     291.0       10.0      8.0     10.0     85.0     95.0
      11      55.0       85.0      20.0        514.0     754.0       10.0      2.0      5.0     85.0     90.0
      12      55.0       60.0      16.0        541.0     781.0       10.0     -1.0      0.0     85.0     90.0
      13      30.0       25.0      23.0        337.0     577.0       10.0     13.0     15.0     85.0     95.0
      14      41.0       37.0      16.0        506.0     746.0       10.0      1.0      5.0     85.0     91.0
      15      31.0       52.0      27.0         97.0     337.0       10.0      0.0      2.0     90.0     95.0
      16      63.0       65.0       8.0         27.0     267.0       10.0     -1.0      7.0     80.0     85.0
      17      60.0       12.0      31.0        208.0     448.0       10.0      0.0      2.0     85.0     90.0
      18      57.0       29.0      18.0        335.0     575.0       10.0      0.0      1.0     80.0     85.0
      19      49.0       42.0      13.0        659.0     899.0       10.0      0.0      0.0     90.0     95.0
      20      57.0       48.0      23.0        332.0     572.0       10.0      5.0      5.0     90.0     90.0
      21      40.0       50.0       0.0          0.0     960.0        0.0     -4.0     15.0     80.0    100.0
