RANGE
4265.9
NUMBER     CAPACITY      CAPACITY      beta      flight              sl              F
    20        200                20         3.1125          30            2400.0      30.0


CUSTOMER
CUST NO. XCOORD. YCOORD. DEMAND READY TIME DUE DATE SERVICE TIME TL (°C) TU (°C) HL (%) HU (%)
       0      40.0       50.0       0.0          0.0    1236.0        0.0     -4.0     15.0     80.0    100.0
       1      45.0       70.0      30.0          0.0    1125.0       90.0      5.0      5.0     90.0     90.0
       2      42.0       68.0      10.0        727.0     782.0       90.0      4.0      5.0     85.0     95.0
       3      22.0       75.0      30.0         30.0      92.0       90.0      5.0      5.0     85.0     90.0
       4      20.0       80.0      40.0        384.0     429.0       90.0      1.0      1.0     95.0     96.0
       5      30.0       52.0      20.0          0.0    1135.0       90.0     -1.0      0.0     90.0     90.0
       6      28.0       55.0      10.0        732.0     777.0       90.0     -1.0      0.0     85.0     90.0
       7      20.0       50.0      10.0          0.0    1126.0       90.0      2.0      5.0     85.0     90.0
       8       0.0       40.0      30.0        479.0     522.0       90.0     -1.0      0.0     90.0     95.0
       9       0.0       45.0      20.0        567.0     624.0       90.0      2.0      5.0     85.0     90.0
      10      28.0       35.0      10.0       1001.0    1066.0       90.0      0.0      2.0     90.0     95.0
      11      44.0        5.0      20.0        286.0     347.0       90.0     -1.0      0.0     90.0     95.0
      12      47.0       35.0      10.0        826.0     875.0       90.0      0.0      0.0     95.0    100.0
      13      47.0       40.0      10.0         12.0      77.0       90.0      5.0      5.0     85.0     90.0
      14      95.0       30.0      30.0        387.0     456.0       90.0      0.0      3.0     85.0     91.0
      15      92.0       30.0      10.0          0.0    1090.0       90.0      2.0      4.0     85.0     95.0
      16      90.0       35.0      10.0        203.0     260.0       90.0     10.0     12.0     85.0     95.0
      17      75.0       55.0      20.0          0.0    1110.0       90.0      0.0      0.0     95.0    100.0
      18      63.0       58.0      10.0          0.0    1121.0       90.0      1.0      1.0     95.0     96.0
      19      60.0       55.0      10.0          0.0    1125.0       90.0      0.0      1.0     80.0     85.0
      20      55.0       85.0      20.0        647.0     726.0       90.0      0.0      3.0     85.0     91.0
      21      40.0       50.0       0.0          0.0    1236.0        0.0     -4.0     15.0     80.0    100.0
