RANGE
4265.9
NUMBER     CAPACITY      CAPACITY      beta      flight              sl              F
    20        200                20         3.1125          30            2400.0      30.0


CUSTOMER
CUST NO. XCOORD. YCOORD. DEMAND READY TIME DUE DATE SERVICE TIME TL (°C) TU (°C) HL (%) HU (%)
       0      35.0       35.0       0.0          0.0    1000.0        0.0     -4.0     15.0     80.0    100.0
       1      55.0       45.0      13.0          0.0     967.0       10.0      2.0      4.0     85.0     95.0
       2      20.0       65.0      12.0        146.0     386.0       10.0     13.0     14.0     90.0     95.0
       3      20.0       40.0      12.0        286.0     526.0       10.0      0.0      2.0     85.0     90.0
       4      65.0       20.0       6.0        716.0     956.0       10.0      4.0      9.0     85.0     90.0
       5      45.0       30.0      17.0          0.0     978.0       10.0      1.0      1.0     95.0     96.0
       6      63.0       65.0       8.0        630.0     870.0       10.0     10.0     10.0     85.0     95.0
       7      24.0       12.0       5.0         25.0     265.0       10.0      1.0      1.0     95.0     96.0
       8      13.0       52.0      36.0          0.0     962.0       10.0     10.0     10.0     85.0     95.0
       9      49.0       58.0      10.0        281.0     521.0       10.0      1.0      1.0     95.0     96.0
      10      57.0       29.0      18.0        568.0     808.0       10.0      5.0      5.0     90.0     90.0
      11      32.0       12.0       7.0        356.0     596.0       10.0      1.0      5.0     85.0     91.0
      12      21.0       24.0      28.0          0.0     972.0       10.0     -1.0      0.0     90.0     95.0
      13      17.0       34.0       3.0        672.0     912.0       10.0      5.0      5.0     85.0     90.0
      14      12.0       24.0      13.0        214.0     454.0       10.0      0.0      1.0     90.0     95.0
      15      27.0       69.0      10.0         34.0     274.0       10.0      0.0      2.0     85.0     90.0
      16      49.0       42.0      13.0        212.0     452.0       10.0     -1.0      7.0     80.0     85.0
      17      57.0       48.0      23.0        307.0     547.0       10.0      0.0      1.0     90.0     95.0
      18      14.0       37.0      11.0          0.0     968.0       10.0      0.0      1.0     80.0     85.0
      19      26.0       35.0      15.0        718.0     958.0       10.0      0.0      1.0     90.0     95.0
      20      20.0       26.0       9.0        263.0     503.0       10.0      4.0      6.0     90.0     95.0
      21      35.0       35.0       0.0          0.0    1000.0        0.0     -4.0     15.0     80.0    100.0
