RANGE
4265.9
NUMBER     CAPACITY      CAPACITY      beta      flight              sl              F
    20        200                20         3.1125          30            2400.0      30.0


CUSTOMER
CUST NO. XCOORD. YCOORD. DEMAND READY TIME DUE DATE SERVICE TIME TL (°C) TU (°C) HL (%) HU (%)
       0      40.0       50.0       0.0          0.0     240.0        0.0     -4.0     15.0     80.0    100.0
       1      15.0       80.0      10.0         76.0     136.0       10.0     -4.0      1.0     85.0     90.0
       2      10.0       35.0      20.0         76.0     136.0       10.0     -4.0      1.0     85.0     90.0
       3       2.0       40.0      20.0         43.0     103.0       10.0      8.0     10.0     85.0     95.0
       4       0.0       40.0      20.0         57.0     117.0       10.0      3.0      5.0     85.0     90.0
       5      42.0       15.0      10.0        107.0     167.0       10.0     10.0     10.0     85.0     95.0
       6      40.0        5.0      10.0         52.0     112.0       10.0     -1.0      7.0     80.0     85.0
       7      40.0       15.0      40.0         77.0     137.0       10.0      1.0      1.0     95.0     96.0
       8      38.0        5.0      30.0         50.0     110.0       10.0     -1.0      0.0     90.0     95.0
       9      38.0       15.0      10.0        133.0     193.0       10.0      5.0      5.0     90.0     90.0
      10      85.0       35.0      30.0         96.0     156.0       10.0      1.0      1.0     95.0     96.0
      11      60.0       85.0      30.0         70.0     130.0       10.0      0.0      2.0     90.0     95.0
      12      58.0       75.0      20.0         77.0     137.0       10.0      2.0      5.0     85.0     90.0
      13      55.0       80.0      10.0         33.0      93.0       10.0      0.0      2.0     85.0     90.0
      14      30.0       25.0      23.0         81.0     141.0       10.0      4.0      5.0     85.0     95.0
      15      10.0       20.0      19.0         42.0     102.0       10.0      0.0      1.0     80.0     85.0
      16      21.0       24.0      28.0         72.0     132.0       10.0      7.0     10.0     85.0     95.0
      17      67.0        5.0      25.0        117.0     177.0       10.0      5.0      5.0     85.0     90.0
      18      57.0       48.0      23.0         80.0     140.0       10.0      1.0      1.0     95.0     96.0
      19      56.0       37.0       6.0         20.0      80.0       10.0     -1.0      0.0     90.0     90.0
      20      55.0       54.0      26.0        117.0     177.0       10.0     10.0     10.0     85.0     95.0
      21      40.0       50.0       0.0          0.0     240.0        0.0     -4.0     15.0     80.0    100.0
