RANGE
4265.9
NUMBER     CAPACITY      CAPACITY      beta      flight              sl              F
    25        200                20         3.1125          30            2400.0      30.0


CUSTOMER
CUST NO. XCOORD. YCOORD. DEMAND READY TIME DUE DATE SERVICE TIME TL (°„C) TU (°„C) HL (%) HU (%)
       0      40.0       50.0       0.0          0.0     240.0        0.0     -4.0     15.0     80.0    100.0
       1      22.0       75.0      30.0         50.0      80.0       10.0      1.0      1.0     95.0     96.0
       2      18.0       75.0      20.0         95.0     125.0       10.0     13.0     14.0     90.0     95.0
       3       8.0       45.0      20.0         64.0      94.0       10.0      0.0      2.0     85.0     90.0
       4       5.0       35.0      10.0        142.0     172.0       10.0      0.0      1.0     90.0     95.0
       5      42.0       10.0      40.0         72.0     102.0       10.0      4.0      9.0     85.0     90.0
       6      40.0        5.0      10.0         67.0      97.0       10.0      4.0      5.0     85.0     95.0
       7      38.0       15.0      10.0        148.0     178.0       10.0     -2.0      1.0     90.0     95.0
       8      35.0        5.0      20.0        154.0     184.0       10.0     -1.0      0.0     85.0     90.0
       9      60.0       80.0      10.0         37.0      67.0       10.0      5.0      5.0     85.0     90.0
      10      55.0       20.0      19.0         83.0     113.0       10.0      4.0      9.0     85.0     90.0
      11      15.0       10.0      20.0        152.0     182.0       10.0      0.0      1.0     80.0     85.0
      12      15.0       60.0      17.0        155.0     185.0       10.0     13.0     14.0     90.0     95.0
      13      45.0       65.0       9.0         66.0      96.0       10.0      5.0      5.0     85.0     90.0
      14      41.0       37.0      16.0        133.0     163.0       10.0      0.0      1.0     90.0     95.0
      15      31.0       52.0      27.0         41.0      71.0       10.0      7.0     10.0     85.0     95.0
      16      63.0       65.0       8.0         30.0      60.0       10.0     -4.0      1.0     85.0     90.0
      17      60.0       12.0      31.0         75.0     105.0       10.0      0.0      3.0     85.0     91.0
      18      23.0        3.0       7.0        150.0     180.0       10.0      7.0     10.0     85.0     95.0
      19       6.0       68.0      30.0         89.0     119.0       10.0     11.0     13.0     85.0     90.0
      20      49.0       58.0      10.0         86.0     116.0       10.0      0.0      1.0     80.0     85.0
      21      21.0       24.0      28.0         87.0     117.0       10.0      0.0      0.0     90.0     95.0
      22      61.0       52.0       3.0        178.0     208.0       10.0      0.0      0.0     90.0     95.0
      23      55.0       54.0      26.0        132.0     162.0       10.0     13.0     15.0     85.0     95.0
      24       4.0       18.0      35.0        120.0     150.0       10.0      0.0      1.0     90.0     95.0
      25      31.0       67.0       3.0        180.0     210.0       10.0      0.0      1.0     90.0     95.0
      26      40.0       50.0       0.0          0.0     240.0        0.0     -4.0     15.0     80.0    100.0
