RANGE
4265.9
NUMBER     CAPACITY      CAPACITY      beta      flight              sl              F
    25        200                20         3.1125          30            2400.0      30.0


CUSTOMER
CUST NO. XCOORD. YCOORD. DEMAND READY TIME DUE DATE SERVICE TIME TL (°„C) TU (°„C) HL (%) HU (%)
       0      35.0       35.0       0.0          0.0    1000.0        0.0     -4.0     15.0     80.0    100.0
       1      55.0       45.0      13.0        527.0     584.0       10.0      0.0      2.0     85.0     90.0
       2      55.0       20.0      19.0        678.0     801.0       10.0     -1.0      0.0     90.0     90.0
       3      10.0       43.0       9.0        404.0     481.0       10.0      5.0      5.0     90.0     90.0
       4      55.0       60.0      16.0        400.0     497.0       10.0      1.0      1.0     95.0     96.0
       5      50.0       35.0      19.0        228.0     345.0       10.0      4.0      9.0     85.0     90.0
       6      15.0       10.0      20.0         32.0     243.0       10.0      5.0      5.0     90.0     90.0
       7      45.0       65.0       9.0        581.0     666.0       10.0     -1.0      0.0     85.0     90.0
       8      55.0        5.0      29.0        206.0     325.0       10.0     -1.0      0.0     90.0     95.0
       9      41.0       37.0      16.0        114.0     255.0       10.0      4.0      5.0     85.0     95.0
      10      64.0       42.0       9.0        190.0     313.0       10.0      4.0      5.0     85.0     95.0
      11      31.0       52.0      27.0        152.0     275.0       10.0     -1.0      0.0     90.0     95.0
      12      65.0       55.0      14.0        529.0     614.0       10.0      1.0      1.0     95.0     96.0
      13       2.0       60.0       5.0         41.0     208.0       10.0      5.0      5.0     85.0     90.0
      14       5.0        5.0      16.0        302.0     405.0       10.0      4.0      9.0     85.0     90.0
      15      60.0       12.0      31.0         33.0     224.0       10.0     -1.0      7.0     80.0     85.0
      16       8.0       56.0      27.0         85.0     250.0       10.0     11.0     13.0     85.0     90.0
      17      49.0       58.0      10.0        348.0     453.0       10.0     -2.0      1.0     90.0     95.0
      18      27.0       43.0       9.0        174.0     299.0       10.0      5.0      5.0     90.0     90.0
      19      24.0       58.0      19.0        163.0     302.0       10.0     -2.0      1.0     90.0     95.0
      20      67.0        5.0      25.0        294.0     401.0       10.0     -1.0      0.0     85.0     90.0
      21      37.0       47.0       6.0        162.0     293.0       10.0     -1.0      0.0     85.0     90.0
      22      57.0       68.0      15.0        268.0     367.0       10.0     10.0     12.0     85.0     95.0
      23      57.0       48.0      23.0        388.0     465.0       10.0     -4.0      1.0     85.0     90.0
      24      18.0       24.0      22.0        811.0     969.0       10.0      8.0     10.0     85.0     95.0
      25      19.0       21.0      10.0        183.0     306.0       10.0      1.0      1.0     95.0     96.0
      26      35.0       35.0       0.0          0.0    1000.0        0.0     -4.0     15.0     80.0    100.0
