RANGE
4265.9
NUMBER     CAPACITY      CAPACITY      beta      flight              sl              F
    25        200                20         3.1125          30            2400.0      30.0


CUSTOMER
CUST NO. XCOORD. YCOORD. DEMAND READY TIME DUE DATE SERVICE TIME TL (°„C) TU (°„C) HL (%) HU (%)
       0      40.0       50.0       0.0          0.0    1236.0        0.0     -4.0     15.0     80.0    100.0
       1      42.0       68.0      10.0        727.0     782.0       90.0     13.0     15.0     85.0     95.0
       2      38.0       68.0      20.0        255.0     324.0       90.0     -1.0      0.0     85.0     90.0
       3      38.0       70.0      10.0        534.0     605.0       90.0      3.0      5.0     85.0     90.0
       4      35.0       69.0      10.0        448.0     505.0       90.0     -2.0      1.0     90.0     95.0
       5      18.0       75.0      20.0         99.0     148.0       90.0      1.0      5.0     85.0     91.0
       6      30.0       50.0      10.0         10.0      73.0       90.0      2.0      5.0     85.0     90.0
       7      30.0       52.0      20.0        914.0     965.0       90.0      7.0     10.0     85.0     95.0
       8      25.0       50.0      10.0         65.0     144.0       90.0      4.0      6.0     90.0     95.0
       9      25.0       55.0      10.0        622.0     701.0       90.0      0.0      0.0     95.0    100.0
      10      20.0       50.0      10.0        358.0     405.0       90.0      7.0     10.0     85.0     95.0
      11      35.0       32.0      10.0        166.0     235.0       90.0     -4.0      1.0     85.0     90.0
      12      33.0       32.0      20.0         68.0     149.0       90.0      2.0      4.0     85.0     95.0
      13      30.0       30.0      10.0        541.0     600.0       90.0     -1.0      7.0     80.0     85.0
      14      30.0       35.0      10.0       1054.0    1127.0       90.0     -1.0      0.0     90.0     95.0
      15      26.0       32.0      10.0        815.0     880.0       90.0      2.0      5.0     85.0     90.0
      16      38.0       15.0      10.0        651.0     740.0       90.0      4.0      5.0     85.0     95.0
      17      50.0       40.0      50.0        171.0     218.0       90.0     -1.0      0.0     85.0     90.0
      18      48.0       40.0      10.0         76.0     129.0       90.0      5.0      5.0     85.0     90.0
      19      92.0       30.0      10.0        478.0     551.0       90.0      8.0     10.0     85.0     95.0
      20      88.0       35.0      20.0        109.0     170.0       90.0      4.0      6.0     90.0     95.0
      21      68.0       60.0      30.0        555.0     612.0       90.0      1.0      1.0     95.0     96.0
      22      66.0       55.0      10.0        173.0     238.0       90.0     -4.0      1.0     85.0     90.0
      23      65.0       55.0      20.0         85.0     144.0       90.0      0.0      3.0     85.0     91.0
      24      63.0       58.0      10.0        737.0     802.0       90.0      1.0      5.0     85.0     91.0
      25      62.0       80.0      30.0        196.0     239.0       90.0     -1.0      0.0     85.0     90.0
      26      40.0       50.0       0.0          0.0    1236.0        0.0     -4.0     15.0     80.0    100.0
