RANGE
4265.9
NUMBER     CAPACITY      CAPACITY      beta      flight              sl              F
    25        200                20         3.1125          30            2400.0      30.0


CUSTOMER
CUST NO. XCOORD. YCOORD. DEMAND READY TIME DUE DATE SERVICE TIME TL (°„C) TU (°„C) HL (%) HU (%)
       0      35.0       35.0       0.0          0.0     230.0        0.0     -4.0     15.0     80.0    100.0
       1      35.0       17.0       7.0         50.0      60.0       10.0      4.0      9.0     85.0     90.0
       2      25.0       30.0       3.0         99.0     109.0       10.0      2.0      4.0     85.0     95.0
       3      50.0       35.0      19.0         63.0      73.0       10.0     -1.0      7.0     80.0     85.0
       4      30.0       25.0      23.0        159.0     169.0       10.0      0.0      1.0     90.0     95.0
       5      15.0       60.0      17.0         76.0      86.0       10.0      2.0      5.0     85.0     90.0
       6      45.0       20.0      11.0         62.0      72.0       10.0      2.0      5.0     85.0     90.0
       7      65.0       35.0       3.0        153.0     163.0       10.0     -1.0      7.0     80.0     85.0
       8      65.0       20.0       6.0        172.0     182.0       10.0      7.0     10.0     85.0     95.0
       9      60.0       12.0      31.0         44.0      54.0       10.0     -1.0      7.0     80.0     85.0
      10      49.0       58.0      10.0         88.0      98.0       10.0      7.0     10.0     85.0     95.0
      11      36.0       26.0      18.0        200.0     210.0       10.0      0.0      0.0     90.0     95.0
      12      17.0       34.0       3.0        162.0     172.0       10.0      2.0      4.0     85.0     95.0
      13      12.0       24.0      13.0         76.0      86.0       10.0      4.0      9.0     85.0     90.0
      14      49.0       73.0      25.0        127.0     137.0       10.0      0.0      0.0     95.0    100.0
      15      37.0       47.0       6.0         50.0      60.0       10.0      0.0      0.0     90.0     95.0
      16      47.0       16.0      25.0         35.0      45.0       10.0      0.0      1.0     90.0     95.0
      17      49.0       42.0      13.0         73.0      83.0       10.0      2.0      4.0     85.0     95.0
      18      53.0       43.0      14.0        179.0     189.0       10.0      4.0      5.0     85.0     95.0
      19      57.0       48.0      23.0         92.0     102.0       10.0      4.0      6.0     90.0     95.0
      20      55.0       54.0      26.0         94.0     104.0       10.0      3.0      5.0     85.0     90.0
      21       4.0       18.0      35.0         94.0     104.0       10.0      0.0      2.0     90.0     95.0
      22      18.0       24.0      22.0        188.0     198.0       10.0      2.0      4.0     85.0     95.0
      23      22.0       27.0      11.0        135.0     145.0       10.0     10.0     10.0     85.0     95.0
      24      25.0       21.0      12.0        133.0     143.0       10.0     -4.0      1.0     85.0     90.0
      25      18.0       18.0      17.0        185.0     195.0       10.0      5.0      5.0     85.0     90.0
      26      35.0       35.0       0.0          0.0     230.0        0.0     -4.0     15.0     80.0    100.0
