RANGE
4265.9
NUMBER     CAPACITY      CAPACITY      beta      flight              sl              F
    25        200                20         3.1125          30            2400.0      30.0


CUSTOMER
CUST NO. XCOORD. YCOORD. DEMAND READY TIME DUE DATE SERVICE TIME TL (°„C) TU (°„C) HL (%) HU (%)
       0      35.0       35.0       0.0          0.0    1000.0        0.0     -4.0     15.0     80.0    100.0
       1      15.0       30.0      26.0         34.0     209.0       10.0      8.0     10.0     85.0     95.0
       2      10.0       43.0       9.0        404.0     481.0       10.0      5.0      5.0     90.0     90.0
       3      20.0       65.0      12.0        206.0     325.0       10.0      4.0      5.0     85.0     95.0
       4      50.0       35.0      19.0        228.0     345.0       10.0      4.0      9.0     85.0     90.0
       5      45.0       20.0      11.0        214.0     331.0       10.0     -1.0      0.0     85.0     90.0
       6      45.0       10.0      18.0        409.0     494.0       10.0      4.0      6.0     90.0     95.0
       7      41.0       37.0      16.0        114.0     255.0       10.0      4.0      5.0     85.0     95.0
       8      53.0       52.0      11.0         45.0     200.0       10.0     13.0     15.0     85.0     95.0
       9      63.0       65.0       8.0        686.0     813.0       10.0      4.0      6.0     90.0     95.0
      10      40.0       25.0       9.0        360.0     437.0       10.0     -1.0      0.0     90.0     95.0
      11       8.0       56.0      27.0         85.0     250.0       10.0     11.0     13.0     85.0     90.0
      12      13.0       52.0      36.0        773.0     906.0       10.0     13.0     14.0     90.0     95.0
      13      49.0       58.0      10.0        348.0     453.0       10.0     -2.0      1.0     90.0     95.0
      14      53.0       12.0       6.0        585.0     692.0       10.0      0.0      1.0     90.0     95.0
      15      32.0       12.0       7.0        421.0     530.0       10.0      3.0      5.0     85.0     90.0
      16      62.0       77.0      20.0         49.0     188.0       10.0      0.0      1.0     80.0     85.0
      17      49.0       73.0      25.0        592.0     693.0       10.0      7.0     10.0     85.0     95.0
      18      37.0       56.0       5.0        788.0     968.0       10.0      0.0      3.0     85.0     91.0
      19      49.0       11.0      18.0        236.0     345.0       10.0      3.0      5.0     85.0     90.0
      20      61.0       52.0       3.0        384.0     499.0       10.0     -2.0      1.0     90.0     95.0
      21      15.0       47.0      16.0        162.0     289.0       10.0     -2.0      1.0     90.0     95.0
      22       4.0       18.0      35.0        388.0     465.0       10.0      2.0      4.0     85.0     95.0
      23      26.0       52.0       9.0        279.0     388.0       10.0     -1.0      0.0     85.0     90.0
      24      15.0       19.0       1.0        739.0     866.0       10.0     11.0     13.0     85.0     90.0
      25      25.0       24.0      20.0         92.0     231.0       10.0     10.0     12.0     85.0     95.0
      26      35.0       35.0       0.0          0.0    1000.0        0.0     -4.0     15.0     80.0    100.0
