RANGE
4265.9
NUMBER     CAPACITY      CAPACITY      beta      flight              sl              F
    25        200                20         3.1125          30            2400.0      30.0


CUSTOMER
CUST NO. XCOORD. YCOORD. DEMAND READY TIME DUE DATE SERVICE TIME TL (°„C) TU (°„C) HL (%) HU (%)
       0      35.0       35.0       0.0          0.0     230.0        0.0     -4.0     15.0     80.0    100.0
       1      41.0       49.0      10.0        161.0     171.0       10.0     13.0     14.0     90.0     95.0
       2      55.0       20.0      19.0        149.0     159.0       10.0     13.0     15.0     85.0     95.0
       3      55.0       60.0      16.0         97.0     107.0       10.0     -1.0      0.0     90.0     95.0
       4      30.0       25.0      23.0        159.0     169.0       10.0      0.0      1.0     90.0     95.0
       5      15.0       10.0      20.0         32.0      42.0       10.0      5.0      5.0     90.0     90.0
       6      10.0       20.0      19.0         75.0      85.0       10.0      0.0      1.0     80.0     85.0
       7      20.0       40.0      12.0         87.0      97.0       10.0     10.0     12.0     85.0     95.0
       8      35.0       40.0      16.0         37.0      47.0       10.0     13.0     14.0     90.0     95.0
       9      40.0       60.0      21.0         71.0      81.0       10.0     -4.0      1.0     85.0     90.0
      10      53.0       52.0      11.0         37.0      47.0       10.0      1.0      5.0     85.0     91.0
      11      63.0       65.0       8.0        143.0     153.0       10.0      4.0      6.0     90.0     95.0
      12      42.0        7.0       5.0         97.0     107.0       10.0      0.0      3.0     85.0     91.0
      13       6.0       68.0      30.0        108.0     118.0       10.0      0.0      2.0     90.0     95.0
      14      47.0       47.0      13.0        124.0     134.0       10.0      4.0      6.0     90.0     95.0
      15      53.0       12.0       6.0        130.0     140.0       10.0     13.0     15.0     85.0     95.0
      16      36.0       26.0      18.0        200.0     210.0       10.0      0.0      0.0     90.0     95.0
      17      12.0       24.0      13.0         76.0      86.0       10.0      4.0      9.0     85.0     90.0
      18      27.0       69.0      10.0         34.0      44.0       10.0      5.0      5.0     85.0     90.0
      19      15.0       77.0       9.0         73.0      83.0       10.0      0.0      3.0     85.0     91.0
      20      44.0       17.0       9.0         78.0      88.0       10.0     -1.0      0.0     85.0     90.0
      21      49.0       42.0      13.0         73.0      83.0       10.0      2.0      4.0     85.0     95.0
      22      61.0       52.0       3.0         96.0     106.0       10.0      0.0      2.0     90.0     95.0
      23      11.0       31.0       7.0        101.0     111.0       10.0     -2.0      1.0     90.0     95.0
      24      18.0       24.0      22.0        188.0     198.0       10.0      2.0      4.0     85.0     95.0
      25      19.0       21.0      10.0         58.0      68.0       10.0      2.0      5.0     85.0     90.0
      26      35.0       35.0       0.0          0.0     230.0        0.0     -4.0     15.0     80.0    100.0
