RANGE
4265.9
NUMBER     CAPACITY      CAPACITY      beta      flight              sl              F
    25        200                20         3.1125          30            2400.0      30.0


CUSTOMER
CUST NO. XCOORD. YCOORD. DEMAND READY TIME DUE DATE SERVICE TIME TL (°„C) TU (°„C) HL (%) HU (%)
       0      35.0       35.0       0.0          0.0     230.0        0.0     -4.0     15.0     80.0    100.0
       1      55.0       45.0      13.0        116.0     126.0       10.0      7.0     10.0     85.0     95.0
       2      55.0       20.0      19.0        149.0     159.0       10.0     13.0     15.0     85.0     95.0
       3      20.0       50.0       5.0         81.0      91.0       10.0      4.0      9.0     85.0     90.0
       4      10.0       43.0       9.0         95.0     105.0       10.0      5.0      5.0     85.0     90.0
       5      50.0       35.0      19.0         63.0      73.0       10.0     -1.0      7.0     80.0     85.0
       6      45.0       65.0       9.0        126.0     136.0       10.0     10.0     10.0     85.0     95.0
       7      45.0       20.0      11.0         62.0      72.0       10.0      2.0      5.0     85.0     90.0
       8      65.0       20.0       6.0        172.0     182.0       10.0      7.0     10.0     85.0     95.0
       9      45.0       30.0      17.0        132.0     142.0       10.0     13.0     15.0     85.0     95.0
      10      13.0       52.0      36.0        165.0     175.0       10.0     -1.0      7.0     80.0     85.0
      11       6.0       68.0      30.0        108.0     118.0       10.0      0.0      2.0     90.0     95.0
      12      27.0       43.0       9.0         52.0      62.0       10.0     11.0     13.0     85.0     90.0
      13      37.0       31.0      14.0         95.0     105.0       10.0      1.0      5.0     85.0     91.0
      14      15.0       77.0       9.0         73.0      83.0       10.0      0.0      3.0     85.0     91.0
      15      62.0       77.0      20.0         51.0      61.0       10.0      0.0      2.0     85.0     90.0
      16      47.0       16.0      25.0         35.0      45.0       10.0      0.0      1.0     90.0     95.0
      17      44.0       17.0       9.0         78.0      88.0       10.0     -1.0      0.0     85.0     90.0
      18      46.0       13.0       8.0        149.0     159.0       10.0      0.0      1.0     80.0     85.0
      19      61.0       52.0       3.0         96.0     106.0       10.0      0.0      2.0     90.0     95.0
      20      57.0       48.0      23.0         92.0     102.0       10.0      4.0      6.0     90.0     95.0
      21      11.0       31.0       7.0        101.0     111.0       10.0     -2.0      1.0     90.0     95.0
      22      31.0       67.0       3.0         95.0     105.0       10.0     -1.0      0.0     90.0     90.0
      23      25.0       21.0      12.0        133.0     143.0       10.0     -4.0      1.0     85.0     90.0
      24      19.0       21.0      10.0         58.0      68.0       10.0      2.0      5.0     85.0     90.0
      25      20.0       26.0       9.0         83.0      93.0       10.0      0.0      2.0     90.0     95.0
      26      35.0       35.0       0.0          0.0     230.0        0.0     -4.0     15.0     80.0    100.0
