RANGE
4265.9
NUMBER     CAPACITY      CAPACITY      beta      flight              sl              F
    25        200                20         3.1125          30            2400.0      30.0


CUSTOMER
CUST NO. XCOORD. YCOORD. DEMAND READY TIME DUE DATE SERVICE TIME TL (°„C) TU (°„C) HL (%) HU (%)
       0      40.0       50.0       0.0          0.0     960.0        0.0     -4.0     15.0     80.0    100.0
       1      15.0       75.0      20.0        300.0     420.0       10.0      5.0      5.0     90.0     90.0
       2      10.0       40.0      30.0        519.0     639.0       10.0     10.0     10.0     85.0     95.0
       3       8.0       45.0      20.0        223.0     343.0       10.0      4.0      6.0     90.0     95.0
       4      40.0        5.0      10.0        215.0     335.0       10.0     -1.0      0.0     90.0     90.0
       5      35.0        5.0      20.0        784.0     904.0       10.0      0.0      2.0     85.0     90.0
       6      92.0       30.0      10.0        149.0     269.0       10.0      0.0      2.0     90.0     95.0
       7      90.0       35.0      10.0        194.0     314.0       10.0     10.0     12.0     85.0     95.0
       8      85.0       25.0      10.0         80.0     200.0       10.0     13.0     15.0     85.0     95.0
       9      65.0       82.0      10.0        557.0     677.0       10.0      0.0      3.0     85.0     91.0
      10      55.0       85.0      20.0        574.0     694.0       10.0      0.0      3.0     85.0     91.0
      11      18.0       80.0      10.0        489.0     609.0       10.0      0.0      2.0     90.0     95.0
      12       2.0       45.0      10.0        105.0     225.0       10.0      4.0      6.0     90.0     95.0
      13      30.0       25.0      23.0        397.0     517.0       10.0     -1.0      0.0     90.0     90.0
      14      15.0       60.0      17.0        694.0     814.0       10.0      4.0      5.0     85.0     95.0
      15      65.0       20.0       6.0         39.0     159.0       10.0     -1.0      7.0     80.0     85.0
      16      35.0       40.0      16.0         11.0     131.0       10.0      1.0      1.0     95.0     96.0
      17      31.0       52.0      27.0        157.0     277.0       10.0     -2.0      1.0     90.0     95.0
      18      35.0       69.0      23.0        810.0     930.0       10.0      2.0      5.0     85.0     90.0
      19       5.0        5.0      16.0        232.0     352.0       10.0      0.0      1.0     90.0     95.0
      20       8.0       56.0      27.0        365.0     485.0       10.0      0.0      1.0     90.0     95.0
      21      27.0       43.0       9.0        152.0     272.0       10.0     10.0     12.0     85.0     95.0
      22      63.0       23.0       2.0        344.0     464.0       10.0      4.0      9.0     85.0     90.0
      23      53.0       43.0      14.0         14.0     134.0       10.0      0.0      2.0     90.0     95.0
      24      57.0       48.0      23.0        392.0     512.0       10.0      0.0      2.0     90.0     95.0
      25      26.0       35.0      15.0        308.0     428.0       10.0      0.0      1.0     80.0     85.0
      26      40.0       50.0       0.0          0.0     960.0        0.0     -4.0     15.0     80.0    100.0
