RANGE
4265.9
NUMBER     CAPACITY      CAPACITY      beta      flight              sl              F
    25        200                20         3.1125          30            2400.0      30.0


CUSTOMER
CUST NO. XCOORD. YCOORD. DEMAND READY TIME DUE DATE SERVICE TIME TL (°„C) TU (°„C) HL (%) HU (%)
       0      40.0       50.0       0.0          0.0     960.0        0.0     -4.0     15.0     80.0    100.0
       1      22.0       75.0      30.0        152.0     272.0       10.0     10.0     10.0     85.0     95.0
       2      10.0       35.0      20.0        371.0     491.0       10.0      4.0      5.0     85.0     95.0
       3       0.0       45.0      20.0        703.0     823.0       10.0     -1.0      0.0     90.0     95.0
       4      42.0       15.0      10.0        537.0     657.0       10.0     -1.0      0.0     85.0     90.0
       5      35.0        5.0      20.0        784.0     904.0       10.0      0.0      2.0     85.0     90.0
       6      88.0       30.0      10.0        246.0     366.0       10.0      0.0      1.0     80.0     85.0
       7      88.0       35.0      20.0        165.0     285.0       10.0      0.0      0.0     90.0     95.0
       8      85.0       35.0      30.0        487.0     607.0       10.0      1.0      1.0     95.0     96.0
       9      42.0        5.0      10.0        732.0     852.0       10.0      0.0      2.0     90.0     95.0
      10      55.0       20.0      19.0        326.0     446.0       10.0      0.0      2.0     90.0     95.0
      11      45.0       65.0       9.0        258.0     378.0       10.0      0.0      1.0     90.0     95.0
      12      35.0       69.0      23.0        810.0     930.0       10.0      2.0      5.0     85.0     90.0
      13      65.0       55.0      14.0        241.0     361.0       10.0     13.0     14.0     90.0     95.0
      14       5.0        5.0      16.0        232.0     352.0       10.0      0.0      1.0     90.0     95.0
      15      60.0       12.0      31.0        268.0     388.0       10.0      8.0     10.0     85.0     95.0
      16       8.0       56.0      27.0        365.0     485.0       10.0      0.0      1.0     90.0     95.0
      17      49.0       58.0      10.0        355.0     475.0       10.0      7.0     10.0     85.0     95.0
      18      37.0       31.0      14.0        105.0     225.0       10.0      2.0      4.0     85.0     95.0
      19      63.0       23.0       2.0        344.0     464.0       10.0      4.0      9.0     85.0     90.0
      20      21.0       24.0      28.0        349.0     469.0       10.0      4.0      5.0     85.0     95.0
      21      24.0       58.0      19.0        260.0     380.0       10.0     13.0     14.0     90.0     95.0
      22      37.0       47.0       6.0        359.0     479.0       10.0      0.0      1.0     80.0     85.0
      23      57.0       48.0      23.0        392.0     512.0       10.0      0.0      2.0     90.0     95.0
      24      56.0       37.0       6.0        100.0     220.0       10.0     -2.0      1.0     90.0     95.0
      25      26.0       52.0       9.0        172.0     292.0       10.0      5.0      5.0     90.0     90.0
      26      40.0       50.0       0.0          0.0     960.0        0.0     -4.0     15.0     80.0    100.0
