RANGE
4265.9
NUMBER     CAPACITY      CAPACITY      beta      flight              sl              F
    20        200                20         3.1125          30            2400.0      30.0


CUSTOMER
CUST NO. XCOORD. YCOORD. DEMAND READY TIME DUE DATE SERVICE TIME TL (°C) TU (°C) HL (%) HU (%)
       0      35.0       35.0       0.0          0.0    1000.0        0.0     -4.0     15.0     80.0    100.0
       1      55.0       45.0      13.0          0.0     967.0       10.0      2.0      4.0     85.0     95.0
       2      45.0       20.0      11.0          0.0     971.0       10.0     -1.0      0.0     90.0     90.0
       3      65.0       35.0       3.0        656.0     896.0       10.0     10.0     10.0     85.0     95.0
       4      65.0       20.0       6.0        716.0     956.0       10.0      4.0      9.0     85.0     90.0
       5      64.0       42.0       9.0        132.0     372.0       10.0     -1.0      0.0     90.0     95.0
       6      60.0       12.0      31.0         33.0     273.0       10.0      0.0      1.0     90.0     95.0
       7      40.0       25.0       9.0        279.0     519.0       10.0     13.0     15.0     85.0     95.0
       8      42.0        7.0       5.0        334.0     574.0       10.0     -1.0      0.0     90.0     90.0
       9       2.0       48.0       1.0        452.0     692.0       10.0     -2.0      1.0     90.0     95.0
      10      13.0       52.0      36.0          0.0     962.0       10.0     10.0     10.0     85.0     95.0
      11      49.0       58.0      10.0        281.0     521.0       10.0      1.0      1.0     95.0     96.0
      12      53.0       12.0       6.0        519.0     759.0       10.0      0.0      3.0     85.0     91.0
      13      24.0       58.0      19.0        113.0     353.0       10.0      0.0      2.0     90.0     95.0
      14      37.0       56.0       5.0        728.0     968.0       10.0      1.0      1.0     95.0     96.0
      15      44.0       17.0       9.0        234.0     474.0       10.0      0.0      1.0     80.0     85.0
      16      11.0       31.0       7.0        354.0     594.0       10.0     10.0     12.0     85.0     95.0
      17      26.0       35.0      15.0        718.0     958.0       10.0      0.0      1.0     90.0     95.0
      18      26.0       27.0      27.0          0.0     977.0       10.0      5.0      5.0     85.0     90.0
      19      22.0       27.0      11.0          0.0     974.0       10.0      5.0      5.0     85.0     90.0
      20      20.0       26.0       9.0        263.0     503.0       10.0      4.0      6.0     90.0     95.0
      21      35.0       35.0       0.0          0.0    1000.0        0.0     -4.0     15.0     80.0    100.0
