RANGE
4265.9
NUMBER     CAPACITY      CAPACITY      beta      flight              sl              F
    20        200                20         3.1125          30            2400.0      30.0


CUSTOMER
CUST NO. XCOORD. YCOORD. DEMAND READY TIME DUE DATE SERVICE TIME TL (°C) TU (°C) HL (%) HU (%)
       0      40.0       50.0       0.0          0.0    3390.0        0.0     -4.0     15.0     80.0    100.0
       1      52.0       75.0      10.0          0.0    3272.0       90.0     11.0     13.0     85.0     90.0
       2      60.0       66.0      10.0       1261.0    1421.0       90.0     10.0     10.0     85.0     95.0
       3      14.0       66.0      10.0       1643.0    1803.0       90.0      7.0     10.0     85.0     95.0
       4      22.0       66.0      40.0       2504.0    2664.0       90.0      0.0      1.0     90.0     95.0
       5      10.0       35.0      20.0          0.0    3266.0       90.0     -1.0      0.0     90.0     90.0
       6       8.0       45.0      20.0          0.0    3267.0       90.0     -4.0      1.0     85.0     90.0
       7       5.0       35.0      10.0          0.0    3261.0       90.0      2.0      4.0     85.0     95.0
       8       0.0       40.0      30.0       1063.0    1223.0       90.0      4.0      5.0     85.0     95.0
       9      36.0       18.0      10.0          0.0    3267.0       90.0     10.0     10.0     85.0     95.0
      10      35.0       32.0      10.0          0.0    3281.0       90.0     10.0     10.0     85.0     95.0
      11      36.0       40.0      10.0          0.0    3289.0       90.0      5.0      5.0     90.0     90.0
      12      48.0       20.0      10.0          0.0    3268.0       90.0     -1.0      0.0     90.0     95.0
      13      47.0       40.0      10.0         12.0     172.0       90.0      2.0      4.0     85.0     95.0
      14      92.0       30.0      10.0          0.0    3244.0       90.0     13.0     14.0     90.0     95.0
      15      72.0       45.0      10.0       2900.0    3060.0       90.0      0.0      2.0     90.0     95.0
      16      78.0       40.0      20.0          0.0    3260.0       90.0     11.0     13.0     85.0     90.0
      17      66.0       55.0      10.0          0.0    3273.0       90.0     13.0     14.0     90.0     95.0
      18      64.0       46.0      20.0       3097.0    3257.0       90.0     13.0     15.0     85.0     95.0
      19      60.0       60.0      10.0          0.0    3277.0       90.0      0.0      0.0     95.0    100.0
      20      62.0       40.0      10.0          0.0    3275.0       90.0     -1.0      0.0     90.0     90.0
      21      40.0       50.0       0.0          0.0    3390.0        0.0     -4.0     15.0     80.0    100.0
