RANGE
4265.9
NUMBER     CAPACITY      CAPACITY      beta      flight              sl              F
    20        200                20         3.1125          30            2400.0      30.0


CUSTOMER
CUST NO. XCOORD. YCOORD. DEMAND READY TIME DUE DATE SERVICE TIME TL (°C) TU (°C) HL (%) HU (%)
       0      35.0       35.0       0.0          0.0     230.0        0.0     -4.0     15.0     80.0    100.0
       1      55.0       45.0      13.0          0.0     197.0       10.0     -1.0      0.0     90.0     90.0
       2      20.0       65.0      12.0         67.0      77.0       10.0      0.0      0.0     90.0     95.0
       3      50.0       35.0      19.0          0.0     205.0       10.0      7.0     10.0     85.0     95.0
       4      45.0       65.0       9.0          0.0     188.0       10.0      4.0      5.0     85.0     95.0
       5      45.0       20.0      11.0          0.0     201.0       10.0      3.0      5.0     85.0     90.0
       6      45.0       10.0      18.0          0.0     193.0       10.0      1.0      1.0     95.0     96.0
       7      35.0       40.0      16.0          0.0     215.0       10.0      4.0      5.0     85.0     95.0
       8      41.0       37.0      16.0          0.0     213.0       10.0     -1.0      0.0     85.0     90.0
       9      53.0       52.0      11.0          0.0     195.0       10.0      4.0      6.0     90.0     95.0
      10      65.0       55.0      14.0          0.0     183.0       10.0      1.0      1.0     95.0     96.0
      11       8.0       56.0      27.0          0.0     185.0       10.0      5.0      5.0     90.0     90.0
      12       6.0       68.0      30.0          0.0     176.0       10.0      7.0     10.0     85.0     95.0
      13      49.0       58.0      10.0          0.0     193.0       10.0     -1.0      7.0     80.0     85.0
      14      53.0       12.0       6.0          0.0     190.0       10.0     -1.0      7.0     80.0     85.0
      15      21.0       24.0      28.0          0.0     202.0       10.0     -2.0      1.0     90.0     95.0
      16      62.0       77.0      20.0          0.0     170.0       10.0      3.0      5.0     85.0     90.0
      17      49.0       11.0      18.0          0.0     192.0       10.0     11.0     13.0     85.0     90.0
      18      61.0       52.0       3.0          0.0     188.0       10.0      1.0      5.0     85.0     91.0
      19      28.0       18.0      26.0         93.0     103.0       10.0      5.0      5.0     90.0     90.0
      20      18.0       24.0      22.0          0.0     199.0       10.0     -1.0      0.0     85.0     90.0
      21      35.0       35.0       0.0          0.0     230.0        0.0     -4.0     15.0     80.0    100.0
