RANGE
4265.9
NUMBER     CAPACITY      CAPACITY      beta      flight              sl              F
    20        200                20         3.1125          30            2400.0      30.0


CUSTOMER
CUST NO. XCOORD. YCOORD. DEMAND READY TIME DUE DATE SERVICE TIME TL (°C) TU (°C) HL (%) HU (%)
       0      35.0       35.0       0.0          0.0    1000.0        0.0     -4.0     15.0     80.0    100.0
       1      10.0       43.0       9.0        404.0     481.0       10.0      0.0      1.0     80.0     85.0
       2      30.0        5.0       8.0        175.0     300.0       10.0      0.0      0.0     90.0     95.0
       3      45.0       65.0       9.0        581.0     666.0       10.0      1.0      1.0     95.0     96.0
       4      45.0       10.0      18.0        409.0     494.0       10.0      0.0      2.0     85.0     90.0
       5      64.0       42.0       9.0        190.0     313.0       10.0     -4.0      1.0     85.0     90.0
       6       5.0        5.0      16.0        302.0     405.0       10.0     -2.0      1.0     90.0     95.0
       7      40.0       25.0       9.0        360.0     437.0       10.0     -1.0      7.0     80.0     85.0
       8      23.0        3.0       7.0        620.0     705.0       10.0     -1.0      0.0     90.0     90.0
       9       8.0       56.0      27.0         85.0     250.0       10.0      0.0      1.0     80.0     85.0
      10      47.0       47.0      13.0          0.0     973.0       10.0      2.0      5.0     85.0     90.0
      11      57.0       29.0      18.0        641.0     734.0       10.0     13.0     15.0     85.0     95.0
      12      49.0       73.0      25.0        592.0     693.0       10.0      0.0      1.0     80.0     85.0
      13      56.0       39.0      36.0        637.0     752.0       10.0     10.0     10.0     85.0     95.0
      14      16.0       22.0      41.0          0.0     966.0       10.0      7.0     10.0     85.0     95.0
      15      31.0       67.0       3.0        392.0     487.0       10.0      1.0      1.0     95.0     96.0
      16      22.0       22.0       2.0         18.0     181.0       10.0     13.0     14.0     90.0     95.0
      17      18.0       24.0      22.0        811.0     969.0       10.0     13.0     14.0     90.0     95.0
      18      22.0       27.0      11.0          0.0     974.0       10.0     11.0     13.0     85.0     90.0
      19      25.0       21.0      12.0        612.0     673.0       10.0     -1.0      0.0     90.0     90.0
      20      18.0       18.0      17.0        798.0     965.0       10.0      0.0      1.0     90.0     95.0
      21      35.0       35.0       0.0          0.0    1000.0        0.0     -4.0     15.0     80.0    100.0
