RANGE
4265.9
NUMBER     CAPACITY      CAPACITY      beta      flight              sl              F
    20        200                20         3.1125          30            2400.0      30.0


CUSTOMER
CUST NO. XCOORD. YCOORD. DEMAND READY TIME DUE DATE SERVICE TIME TL (°C) TU (°C) HL (%) HU (%)
       0      35.0       35.0       0.0          0.0     230.0        0.0     -4.0     15.0     80.0    100.0
       1      55.0       45.0      13.0          0.0     197.0       10.0      5.0      5.0     85.0     90.0
       2      10.0       43.0       9.0         95.0     105.0       10.0      2.0      5.0     85.0     90.0
       3      30.0       25.0      23.0        159.0     169.0       10.0     -1.0      0.0     90.0     95.0
       4       5.0       30.0       2.0        157.0     167.0       10.0     11.0     13.0     85.0     90.0
       5      55.0        5.0      29.0         68.0      78.0       10.0      4.0      9.0     85.0     90.0
       6      65.0       20.0       6.0        172.0     182.0       10.0     10.0     12.0     85.0     95.0
       7       2.0       60.0       5.0         41.0      51.0       10.0      4.0      9.0     85.0     90.0
       8      60.0       12.0      31.0         44.0      54.0       10.0     -4.0      1.0     85.0     90.0
       9       2.0       48.0       1.0          0.0     184.0       10.0      0.0      1.0     80.0     85.0
      10       8.0       56.0      27.0          0.0     185.0       10.0     10.0     10.0     85.0     95.0
      11      47.0       47.0      13.0          0.0     203.0       10.0      0.0      3.0     85.0     91.0
      12      27.0       43.0       9.0          0.0     208.0       10.0     13.0     14.0     90.0     95.0
      13      21.0       24.0      28.0          0.0     202.0       10.0      4.0      6.0     90.0     95.0
      14      15.0       77.0       9.0         73.0      83.0       10.0     13.0     15.0     85.0     95.0
      15      57.0       48.0      23.0         92.0     102.0       10.0      0.0      3.0     85.0     91.0
      16      16.0       22.0      41.0          0.0     196.0       10.0     -1.0      7.0     80.0     85.0
      17       4.0       18.0      35.0          0.0     184.0       10.0     -4.0      1.0     85.0     90.0
      18      22.0       22.0       2.0         18.0      28.0       10.0     11.0     13.0     85.0     90.0
      19      26.0       27.0      27.0          0.0     207.0       10.0      0.0      2.0     85.0     90.0
      20      19.0       21.0      10.0          0.0     198.0       10.0     10.0     12.0     85.0     95.0
      21      35.0       35.0       0.0          0.0     230.0        0.0     -4.0     15.0     80.0    100.0
