RANGE
4265.9
NUMBER     CAPACITY      CAPACITY      beta      flight              sl              F
    20        200                20         3.1125          30            2400.0      30.0


CUSTOMER
CUST NO. XCOORD. YCOORD. DEMAND READY TIME DUE DATE SERVICE TIME TL (°C) TU (°C) HL (%) HU (%)
       0      40.0       50.0       0.0          0.0    1236.0        0.0     -4.0     15.0     80.0    100.0
       1      45.0       70.0      30.0        668.0    1028.0       90.0      0.0      2.0     85.0     90.0
       2      35.0       69.0      10.0        297.0     657.0       90.0     13.0     14.0     90.0     95.0
       3      20.0       80.0      40.0        227.0     587.0       90.0     -1.0      0.0     90.0     95.0
       4      20.0       85.0      40.0        322.0     682.0       90.0      4.0      6.0     90.0     95.0
       5      30.0       52.0      20.0        760.0    1120.0       90.0     10.0     12.0     85.0     95.0
       6      10.0       40.0      30.0         31.0     391.0       90.0      0.0      1.0     90.0     95.0
       7       2.0       40.0      20.0        229.0     589.0       90.0     -1.0      0.0     85.0     90.0
       8       0.0       45.0      20.0        416.0     776.0       90.0     -1.0      0.0     90.0     90.0
       9      28.0       30.0      10.0        483.0     843.0       90.0      5.0      5.0     85.0     90.0
      10      35.0        5.0      20.0        416.0     776.0       90.0      8.0     10.0     85.0     95.0
      11      50.0       40.0      50.0         15.0     375.0       90.0      2.0      4.0     85.0     95.0
      12      48.0       30.0      10.0        483.0     843.0       90.0      4.0      5.0     85.0     95.0
      13      45.0       35.0      10.0        763.0    1123.0       90.0     13.0     14.0     90.0     95.0
      14      45.0       65.0      20.0        770.0    1130.0       90.0      0.0      3.0     85.0     91.0
      15      87.0       30.0      10.0        520.0     880.0       90.0      0.0      0.0     90.0     95.0
      16      85.0       25.0      10.0        615.0     975.0       90.0      3.0      5.0     85.0     90.0
      17      75.0       55.0      20.0        215.0     575.0       90.0      0.0      2.0     85.0     90.0
      18      66.0       55.0      10.0         26.0     386.0       90.0     11.0     13.0     85.0     90.0
      19      65.0       55.0      20.0         25.0     385.0       90.0     -1.0      0.0     85.0     90.0
      20      60.0       60.0      10.0        683.0    1043.0       90.0     -4.0      1.0     85.0     90.0
      21      40.0       50.0       0.0          0.0    1236.0        0.0     -4.0     15.0     80.0    100.0
