RANGE
4265.9
NUMBER     CAPACITY      CAPACITY      beta      flight              sl              F
    20        200                20         3.1125          30            2400.0      30.0


CUSTOMER
CUST NO. XCOORD. YCOORD. DEMAND READY TIME DUE DATE SERVICE TIME TL (°C) TU (°C) HL (%) HU (%)
       0      40.0       50.0       0.0          0.0    1236.0        0.0     -4.0     15.0     80.0    100.0
       1      40.0       69.0      20.0        559.0     764.0       90.0     -2.0      1.0     90.0     95.0
       2      35.0       66.0      10.0        361.0     406.0       90.0      8.0     10.0     85.0     95.0
       3      22.0       85.0      10.0        571.0     616.0       90.0      7.0     10.0     85.0     95.0
       4      15.0       80.0      10.0        274.0     349.0       90.0      0.0      1.0     80.0     85.0
       5      30.0       52.0      20.0        918.0     961.0       90.0      0.0      0.0     90.0     95.0
       6      28.0       52.0      20.0        806.0     889.0       90.0      4.0      9.0     85.0     90.0
       7      23.0       52.0      10.0        264.0     313.0       90.0     11.0     13.0     85.0     90.0
       8      10.0       35.0      20.0        204.0     233.0       90.0      3.0      5.0     85.0     90.0
       9      10.0       40.0      30.0         31.0     189.0       90.0      0.0      2.0     85.0     90.0
      10       2.0       40.0      20.0        365.0     452.0       90.0      0.0      0.0     95.0    100.0
      11       0.0       45.0      20.0        541.0     650.0       90.0      0.0      0.0     90.0     95.0
      12      30.0       35.0      10.0        872.0    1127.0       90.0      2.0      5.0     85.0     90.0
      13      47.0       40.0      10.0         12.0     226.0       90.0     -4.0      1.0     85.0     90.0
      14      53.0       30.0      10.0        402.0     553.0       90.0      5.0      5.0     90.0     90.0
      15      53.0       35.0      50.0        294.0     471.0       90.0     13.0     15.0     85.0     95.0
      16      65.0       60.0      30.0        546.0     807.0       90.0      2.0      4.0     85.0     95.0
      17      67.0       85.0      20.0        229.0     580.0       90.0      4.0      6.0     90.0     95.0
      18      65.0       82.0      10.0        227.0     394.0       90.0      2.0      5.0     85.0     90.0
      19      62.0       80.0      30.0        163.0     272.0       90.0     -1.0      7.0     80.0     85.0
      20      55.0       85.0      20.0        493.0     880.0       90.0     11.0     13.0     85.0     90.0
      21      40.0       50.0       0.0          0.0    1236.0        0.0     -4.0     15.0     80.0    100.0
