RANGE
4265.9
NUMBER     CAPACITY      CAPACITY      beta      flight              sl              F
    20        200                20         3.1125          30            2400.0      30.0


CUSTOMER
CUST NO. XCOORD. YCOORD. DEMAND READY TIME DUE DATE SERVICE TIME TL (°C) TU (°C) HL (%) HU (%)
       0      40.0       50.0       0.0          0.0     960.0        0.0     -4.0     15.0     80.0    100.0
       1      22.0       85.0      10.0        291.0     771.0       10.0     -2.0      1.0     90.0     95.0
       2       5.0       45.0      10.0         35.0     366.0       10.0      2.0      5.0     85.0     90.0
       3       0.0       40.0      20.0        204.0     425.0       10.0      0.0      0.0     90.0     95.0
       4      88.0       30.0      10.0        252.0     359.0       10.0     -4.0      1.0     85.0     90.0
       5      87.0       30.0      10.0        562.0     799.0       10.0     13.0     15.0     85.0     95.0
       6      67.0       85.0      20.0        655.0     778.0       10.0      0.0      0.0     90.0     95.0
       7      65.0       85.0      40.0         43.0     186.0       10.0      7.0     10.0     85.0     95.0
       8      65.0       82.0      10.0        377.0     857.0       10.0      5.0      5.0     85.0     90.0
       9      60.0       80.0      10.0         46.0     201.0       10.0      2.0      5.0     85.0     90.0
      10      20.0       50.0       5.0        405.0     465.0       10.0      0.0      3.0     85.0     91.0
      11      30.0       25.0      23.0        342.0     571.0       10.0      5.0      5.0     85.0     90.0
      12      64.0       42.0       9.0        298.0     358.0       10.0      5.0      5.0     90.0     90.0
      13      49.0       58.0      10.0        332.0     497.0       10.0      4.0      5.0     85.0     95.0
      14      27.0       43.0       9.0         14.0     494.0       10.0      8.0     10.0     85.0     95.0
      15      37.0       31.0      14.0         19.0     499.0       10.0      0.0      0.0     95.0    100.0
      16      63.0       23.0       2.0        164.0     644.0       10.0     11.0     13.0     85.0     90.0
      17      21.0       24.0      28.0        310.0     507.0       10.0      0.0      1.0     80.0     85.0
      18      67.0        5.0      25.0        611.0     897.0       10.0      5.0      5.0     90.0     90.0
      19      61.0       52.0       3.0        789.0     928.0       10.0      1.0      5.0     85.0     91.0
      20      26.0       52.0       9.0         14.0     494.0       10.0      2.0      5.0     85.0     90.0
      21      40.0       50.0       0.0          0.0     960.0        0.0     -4.0     15.0     80.0    100.0
