RANGE
4265.9
NUMBER     CAPACITY      CAPACITY      beta      flight              sl              F
    20        200                20         3.1125          30            2400.0      30.0


CUSTOMER
CUST NO. XCOORD. YCOORD. DEMAND READY TIME DUE DATE SERVICE TIME TL (°C) TU (°C) HL (%) HU (%)
       0      40.0       50.0       0.0          0.0     960.0        0.0     -4.0     15.0     80.0    100.0
       1      20.0       80.0      40.0        418.0     913.0       10.0      8.0     10.0     85.0     95.0
       2      10.0       40.0      30.0        470.0     687.0       10.0      0.0      2.0     90.0     95.0
       3       5.0       45.0      10.0         35.0     457.0       10.0      4.0      9.0     85.0     90.0
       4       2.0       40.0      20.0         39.0     538.0       10.0     -1.0      0.0     85.0     90.0
       5      38.0        5.0      30.0         45.0     522.0       10.0     -1.0      7.0     80.0     85.0
       6      95.0       35.0      20.0         57.0     664.0       10.0     -1.0      7.0     80.0     85.0
       7      90.0       35.0      10.0        131.0     376.0       10.0      5.0      5.0     85.0     90.0
       8      65.0       85.0      40.0         43.0     712.0       10.0      0.0      3.0     85.0     91.0
       9      55.0       82.0      10.0         62.0     491.0       10.0      2.0      4.0     85.0     95.0
      10      20.0       82.0      10.0         37.0     677.0       10.0     -1.0      0.0     90.0     95.0
      11      42.0       12.0      10.0        423.0     576.0       10.0     10.0     10.0     85.0     95.0
      12      20.0       50.0       5.0        284.0     585.0       10.0     -4.0      1.0     85.0     90.0
      13      10.0       20.0      19.0         42.0     466.0       10.0      1.0      5.0     85.0     91.0
      14      65.0       35.0       3.0         29.0     587.0       10.0     -1.0      0.0     90.0     95.0
      15      45.0       30.0      17.0         20.0     497.0       10.0     10.0     12.0     85.0     95.0
      16      41.0       37.0      16.0        423.0     828.0       10.0     10.0     10.0     85.0     95.0
      17      65.0       55.0      14.0        201.0     400.0       10.0     10.0     10.0     85.0     95.0
      18      53.0       43.0      14.0         14.0     669.0       10.0      5.0      5.0     90.0     90.0
      19      55.0       54.0      26.0        538.0     705.0       10.0     13.0     15.0     85.0     95.0
      20      31.0       67.0       3.0        262.0     930.0       10.0      0.0      0.0     90.0     95.0
      21      40.0       50.0       0.0          0.0     960.0        0.0     -4.0     15.0     80.0    100.0
