RANGE
4265.9
NUMBER     CAPACITY      CAPACITY      beta      flight              sl              F
    20        200                20         3.1125          30            2400.0      30.0


CUSTOMER
CUST NO. XCOORD. YCOORD. DEMAND READY TIME DUE DATE SERVICE TIME TL (°C) TU (°C) HL (%) HU (%)
       0      40.0       50.0       0.0          0.0     240.0        0.0     -4.0     15.0     80.0    100.0
       1       8.0       45.0      20.0         49.0     108.0       10.0      7.0     10.0     85.0     95.0
       2      40.0       15.0      40.0         55.0     158.0       10.0     10.0     12.0     85.0     95.0
       3      95.0       35.0      20.0         57.0     172.0       10.0      7.0     10.0     85.0     95.0
       4      88.0       30.0      10.0         52.0     159.0       10.0     -2.0      1.0     90.0     95.0
       5      85.0       35.0      30.0        100.0     151.0       10.0      5.0      5.0     90.0     90.0
       6      67.0       85.0      20.0         61.0     185.0       10.0      4.0      5.0     85.0     95.0
       7      65.0       85.0      40.0         43.0     186.0       10.0      4.0      6.0     90.0     95.0
       8      55.0       60.0      16.0        127.0     180.0       10.0      3.0      5.0     85.0     90.0
       9      15.0       60.0      17.0        137.0     202.0       10.0     -4.0      1.0     85.0     90.0
      10      45.0       65.0       9.0         55.0     106.0       10.0      0.0      2.0     90.0     95.0
      11      65.0       35.0       3.0         29.0     158.0       10.0      2.0      4.0     85.0     95.0
      12      45.0       30.0      17.0         20.0     139.0       10.0      8.0     10.0     85.0     95.0
      13      64.0       42.0       9.0         28.0     141.0       10.0      7.0     10.0     85.0     95.0
      14      63.0       65.0       8.0         27.0     101.0       10.0      2.0      4.0     85.0     95.0
      15       2.0       60.0       5.0         65.0     118.0       10.0      0.0      2.0     90.0     95.0
      16      60.0       12.0      31.0         42.0     143.0       10.0      7.0     10.0     85.0     95.0
      17       6.0       68.0      30.0         54.0     153.0       10.0      5.0      5.0     85.0     90.0
      18      21.0       24.0      28.0         77.0     126.0       10.0      1.0      5.0     85.0     91.0
      19      37.0       47.0       6.0         74.0     127.0       10.0      5.0      5.0     90.0     90.0
      20      26.0       52.0       9.0         30.0      91.0       10.0      0.0      3.0     85.0     91.0
      21      40.0       50.0       0.0          0.0     240.0        0.0     -4.0     15.0     80.0    100.0
