RANGE
4265.9
NUMBER     CAPACITY      CAPACITY      beta      flight              sl              F
    20        200                20         3.1125          30            2400.0      30.0


CUSTOMER
CUST NO. XCOORD. YCOORD. DEMAND READY TIME DUE DATE SERVICE TIME TL (°C) TU (°C) HL (%) HU (%)
       0      40.0       50.0       0.0          0.0     240.0        0.0     -4.0     15.0     80.0    100.0
       1      25.0       85.0      20.0         71.0     191.0       10.0      4.0      6.0     90.0     95.0
       2      15.0       75.0      20.0         35.0     155.0       10.0     -4.0      1.0     85.0     90.0
       3      15.0       80.0      10.0        101.0     111.0       10.0     13.0     15.0     85.0     95.0
       4      10.0       40.0      30.0        123.0     144.0       10.0      2.0      4.0     85.0     95.0
       5       5.0       35.0      10.0        152.0     162.0       10.0     13.0     14.0     90.0     95.0
       6       2.0       40.0      20.0         68.0      78.0       10.0     13.0     14.0     90.0     95.0
       7       0.0       40.0      20.0         59.0     114.0       10.0      1.0      5.0     85.0     91.0
       8      67.0       85.0      20.0        138.0     169.0       10.0     10.0     10.0     85.0     95.0
       9      60.0       85.0      30.0         87.0     112.0       10.0      7.0     10.0     85.0     95.0
      10      18.0       80.0      10.0         98.0     157.0       10.0     11.0     13.0     85.0     90.0
      11      45.0       30.0      17.0         53.0      82.0       10.0      5.0      5.0     90.0     90.0
      12      35.0       40.0      16.0         11.0      43.0       10.0      0.0      1.0     80.0     85.0
      13       5.0        5.0      16.0         57.0     172.0       10.0      0.0      2.0     85.0     90.0
      14       6.0       68.0      30.0         99.0     109.0       10.0      8.0     10.0     85.0     95.0
      15      47.0       47.0      13.0        190.0     222.0       10.0      0.0      2.0     90.0     95.0
      16      63.0       23.0       2.0         42.0     162.0       10.0     -1.0      0.0     90.0     95.0
      17      24.0       58.0      19.0         67.0      96.0       10.0      5.0      5.0     90.0     90.0
      18      49.0       42.0      13.0         97.0     217.0       10.0      0.0      0.0     95.0    100.0
      19      61.0       52.0       3.0        173.0     208.0       10.0     10.0     10.0     85.0     95.0
      20       4.0       18.0      35.0        112.0     157.0       10.0      2.0      5.0     85.0     90.0
      21      40.0       50.0       0.0          0.0     240.0        0.0     -4.0     15.0     80.0    100.0
