RANGE
4265.9
NUMBER     CAPACITY      CAPACITY      beta      flight              sl              F
    20        200                20         3.1125          30            2400.0      30.0


CUSTOMER
CUST NO. XCOORD. YCOORD. DEMAND READY TIME DUE DATE SERVICE TIME TL (°C) TU (°C) HL (%) HU (%)
       0      40.0       50.0       0.0          0.0    3390.0        0.0     -4.0     15.0     80.0    100.0
       1      52.0       75.0      10.0        302.0     479.0       90.0      5.0      5.0     90.0     90.0
       2      45.0       70.0      30.0        157.0     428.0       90.0      5.0      5.0     85.0     90.0
       3      34.0       60.0      20.0       2035.0    3288.0       90.0     10.0     10.0     85.0     95.0
       4      35.0       66.0      10.0       2311.0    3283.0       90.0      0.0      0.0     90.0     95.0
       5      15.0       80.0      10.0       1461.0    2372.0       90.0      0.0      3.0     85.0     91.0
       6      30.0       56.0      20.0       2062.0    3288.0       90.0      1.0      5.0     85.0     91.0
       7      22.0       66.0      40.0       2177.0    2990.0       90.0     -4.0      1.0     85.0     90.0
       8       0.0       45.0      20.0        834.0    1641.0       90.0      5.0      5.0     90.0     90.0
       9      30.0       35.0      10.0       2242.0    2877.0       90.0      3.0      5.0     85.0     90.0
      10      25.0       30.0      10.0       1883.0    2676.0       90.0      0.0      1.0     90.0     95.0
      11      42.0       15.0      10.0        897.0    1392.0       90.0     -1.0      0.0     90.0     90.0
      12      38.0        5.0      30.0       1133.0    1910.0       90.0      5.0      5.0     90.0     90.0
      13      47.0       35.0      10.0        393.0     942.0       90.0     11.0     13.0     85.0     90.0
      14      45.0       65.0      20.0         49.0     346.0       90.0      2.0      4.0     85.0     95.0
      15      72.0       45.0      10.0       2701.0    3258.0       90.0      4.0      9.0     85.0     90.0
      16      70.0       58.0      20.0       1617.0    1824.0       90.0      0.0      1.0     90.0     95.0
      17      86.0       46.0      30.0       1969.0    2248.0       90.0      4.0      5.0     85.0     95.0
      18      60.0       85.0      30.0        537.0     816.0       90.0     -1.0      0.0     90.0     90.0
      19      58.0       75.0      20.0        948.0    1167.0       90.0      5.0      5.0     85.0     90.0
      20      55.0       80.0      10.0        379.0     594.0       90.0      3.0      5.0     85.0     90.0
      21      40.0       50.0       0.0          0.0    3390.0        0.0     -4.0     15.0     80.0    100.0
