RANGE
4265.9
NUMBER     CAPACITY      CAPACITY      beta      flight              sl              F
    25        200                20         3.1125          30            2400.0      30.0


CUSTOMER
CUST NO. XCOORD. YCOORD. DEMAND READY TIME DUE DATE SERVICE TIME TL (°C) TU (°C) HL (%) HU (%)
       0      40.0       50.0       0.0          0.0    1236.0        0.0     -4.0     15.0     80.0    100.0
       1      42.0       65.0      10.0          0.0    1130.0       90.0      0.0      2.0     85.0     90.0
       2      38.0       68.0      20.0        255.0     324.0       90.0     10.0     10.0     85.0     95.0
       3      35.0       69.0      10.0        448.0     505.0       90.0     10.0     10.0     85.0     95.0
       4      25.0       85.0      20.0          0.0    1107.0       90.0     10.0     12.0     85.0     95.0
       5      30.0       52.0      20.0          0.0    1135.0       90.0      5.0      5.0     85.0     90.0
       6      28.0       52.0      20.0        812.0     883.0       90.0      7.0     10.0     85.0     95.0
       7      23.0       55.0      20.0        546.0     593.0       90.0     -1.0      0.0     90.0     90.0
       8       8.0       40.0      40.0         87.0     158.0       90.0     10.0     10.0     85.0     95.0
       9       5.0       35.0      10.0        283.0     344.0       90.0     13.0     15.0     85.0     95.0
      10      35.0       30.0      10.0        264.0     321.0       90.0      2.0      4.0     85.0     95.0
      11      30.0       35.0      10.0       1054.0    1127.0       90.0      1.0      1.0     95.0     96.0
      12      28.0       30.0      10.0          0.0    1122.0       90.0     -1.0      0.0     90.0     90.0
      13      25.0       30.0      10.0        725.0     786.0       90.0      0.0      0.0     90.0     95.0
      14      40.0        5.0      30.0        385.0     436.0       90.0     11.0     13.0     85.0     90.0
      15      40.0       15.0      40.0         35.0      87.0       90.0      5.0      5.0     85.0     90.0
      16      48.0       40.0      10.0         76.0     129.0       90.0     -1.0      0.0     90.0     90.0
      17      47.0       35.0      10.0        826.0     875.0       90.0      0.0      1.0     90.0     95.0
      18      95.0       30.0      30.0        387.0     456.0       90.0      7.0     10.0     85.0     95.0
      19      45.0       65.0      20.0          0.0    1130.0       90.0     13.0     15.0     85.0     95.0
      20      88.0       35.0      20.0        109.0     170.0       90.0      4.0      6.0     90.0     95.0
      21      75.0       55.0      20.0          0.0    1110.0       90.0      4.0      6.0     90.0     95.0
      22      66.0       55.0      10.0        173.0     238.0       90.0     13.0     15.0     85.0     95.0
      23      65.0       60.0      30.0        645.0     708.0       90.0     -4.0      1.0     85.0     90.0
      24      60.0       60.0      10.0          0.0    1123.0       90.0      0.0      2.0     90.0     95.0
      25      62.0       80.0      30.0          0.0    1108.0       90.0      8.0     10.0     85.0     95.0
      26      40.0       50.0       0.0          0.0    1236.0        0.0     -4.0     15.0     80.0    100.0
