RANGE
4265.9
NUMBER     CAPACITY      CAPACITY      beta      flight              sl              F
    25        200                20         3.1125          30            2400.0      30.0


CUSTOMER
CUST NO. XCOORD. YCOORD. DEMAND READY TIME DUE DATE SERVICE TIME TL (°C) TU (°C) HL (%) HU (%)
       0      40.0       50.0       0.0          0.0    1236.0        0.0     -4.0     15.0     80.0    100.0
       1      45.0       68.0      10.0        890.0     989.0       90.0     10.0     12.0     85.0     95.0
       2      42.0       65.0      10.0         15.0      60.0       90.0     -1.0      0.0     90.0     90.0
       3      40.0       69.0      20.0        559.0     764.0       90.0     -2.0      1.0     90.0     95.0
       4      22.0       85.0      10.0        571.0     616.0       90.0      7.0     10.0     85.0     95.0
       5      25.0       52.0      40.0        172.0     221.0       90.0      8.0     10.0     85.0     95.0
       6      23.0       52.0      10.0        264.0     313.0       90.0     11.0     13.0     85.0     90.0
       7      10.0       35.0      20.0        204.0     233.0       90.0      3.0      5.0     85.0     90.0
       8       5.0       35.0      10.0        251.0     376.0       90.0      7.0     10.0     85.0     95.0
       9      33.0       32.0      20.0         19.0     225.0       90.0     -2.0      1.0     90.0     95.0
      10      30.0       30.0      10.0        513.0     628.0       90.0      0.0      2.0     90.0     95.0
      11      30.0       32.0      30.0        415.0     542.0       90.0      2.0      5.0     85.0     90.0
      12      28.0       35.0      10.0        917.0    1126.0       90.0      0.0      0.0     95.0    100.0
      13      38.0       15.0      10.0        521.0     870.0       90.0      4.0      9.0     85.0     90.0
      14      35.0        5.0      20.0        487.0     704.0       90.0     -1.0      0.0     90.0     95.0
      15      50.0       30.0      10.0        422.0     719.0       90.0     10.0     10.0     85.0     95.0
      16      48.0       30.0      10.0        567.0     758.0       90.0      5.0      5.0     85.0     90.0
      17      47.0       40.0      10.0         12.0     226.0       90.0     -4.0      1.0     85.0     90.0
      18      95.0       30.0      30.0        266.0     577.0       90.0     -1.0      0.0     90.0     90.0
      19      53.0       30.0      10.0        402.0     553.0       90.0      5.0      5.0     90.0     90.0
      20      92.0       30.0      10.0        345.0     684.0       90.0      0.0      1.0     80.0     85.0
      21      88.0       30.0      10.0        450.0     767.0       90.0      0.0      3.0     85.0     91.0
      22      68.0       60.0      30.0        476.0     691.0       90.0      2.0      4.0     85.0     95.0
      23      66.0       55.0      10.0         67.0     344.0       90.0      0.0      2.0     85.0     90.0
      24      65.0       60.0      30.0        546.0     807.0       90.0      2.0      4.0     85.0     95.0
      25      65.0       82.0      10.0        227.0     394.0       90.0      2.0      5.0     85.0     90.0
      26      40.0       50.0       0.0          0.0    1236.0        0.0     -4.0     15.0     80.0    100.0
