RANGE
4265.9
NUMBER     CAPACITY      CAPACITY      beta      flight              sl              F
    25        200                20         3.1125          30            2400.0      30.0


CUSTOMER
CUST NO. XCOORD. YCOORD. DEMAND READY TIME DUE DATE SERVICE TIME TL (°C) TU (°C) HL (%) HU (%)
       0      40.0       50.0       0.0          0.0     960.0        0.0     -4.0     15.0     80.0    100.0
       1      20.0       85.0      20.0          0.0     909.0       10.0      3.0      5.0     85.0     90.0
       2      15.0       75.0      20.0          0.0     914.0       10.0      0.0      0.0     95.0    100.0
       3      35.0        5.0      20.0        784.0     904.0       10.0     13.0     14.0     90.0     95.0
       4      92.0       30.0      10.0          0.0     894.0       10.0      0.0      1.0     90.0     95.0
       5      88.0       30.0      10.0        246.0     366.0       10.0      4.0      9.0     85.0     90.0
       6      87.0       30.0      10.0          0.0     898.0       10.0      0.0      1.0     90.0     95.0
       7      65.0       85.0      40.0         43.0     163.0       10.0     -1.0      0.0     90.0     95.0
       8      62.0       80.0      30.0        278.0     398.0       10.0      8.0     10.0     85.0     95.0
       9      60.0       85.0      30.0        329.0     449.0       10.0      0.0      1.0     80.0     85.0
      10      58.0       75.0      20.0        376.0     496.0       10.0      0.0      1.0     90.0     95.0
      11      55.0       82.0      10.0        217.0     337.0       10.0     13.0     14.0     90.0     95.0
      12      72.0       35.0      30.0          0.0     914.0       10.0      5.0      5.0     85.0     90.0
      13      25.0       30.0       3.0          0.0     925.0       10.0     13.0     14.0     90.0     95.0
      14      45.0       65.0       9.0          0.0     934.0       10.0      0.0      2.0     90.0     95.0
      15      35.0       40.0      16.0         11.0     131.0       10.0      0.0      0.0     95.0    100.0
      16      64.0       42.0       9.0        268.0     388.0       10.0      0.0      0.0     95.0    100.0
      17      20.0       20.0       8.0        645.0     765.0       10.0      1.0      1.0     95.0     96.0
      18      60.0       12.0      31.0        268.0     388.0       10.0      0.0      2.0     85.0     90.0
      19       6.0       68.0      30.0        352.0     472.0       10.0     -1.0      0.0     90.0     90.0
      20      57.0       29.0      18.0        395.0     515.0       10.0     10.0     12.0     85.0     95.0
      21      21.0       24.0      28.0          0.0     917.0       10.0      0.0      1.0     80.0     85.0
      22      12.0       24.0      13.0        359.0     479.0       10.0      1.0      1.0     95.0     96.0
      23      24.0       58.0      19.0        260.0     380.0       10.0      0.0      1.0     80.0     85.0
      24      37.0       47.0       6.0          0.0     945.0       10.0      2.0      5.0     85.0     90.0
      25      55.0       54.0      26.0          0.0     934.0       10.0     13.0     14.0     90.0     95.0
      26      40.0       50.0       0.0          0.0     960.0        0.0     -4.0     15.0     80.0    100.0
