RANGE
4265.9
NUMBER     CAPACITY      CAPACITY      beta      flight              sl              F
    25        200                20         3.1125          30            2400.0      30.0


CUSTOMER
CUST NO. XCOORD. YCOORD. DEMAND READY TIME DUE DATE SERVICE TIME TL (°C) TU (°C) HL (%) HU (%)
       0      40.0       50.0       0.0          0.0     960.0        0.0     -4.0     15.0     80.0    100.0
       1      18.0       75.0      20.0        388.0     508.0       10.0      2.0      5.0     85.0     90.0
       2      15.0       75.0      20.0          0.0     914.0       10.0     10.0     12.0     85.0     95.0
       3      15.0       80.0      10.0        367.0     487.0       10.0      3.0      5.0     85.0     90.0
       4      10.0       35.0      20.0        371.0     491.0       10.0      8.0     10.0     85.0     95.0
       5      10.0       40.0      30.0        519.0     639.0       10.0      7.0     10.0     85.0     95.0
       6       5.0       35.0      10.0        653.0     773.0       10.0     -2.0      1.0     90.0     95.0
       7       5.0       45.0      10.0         35.0     155.0       10.0      8.0     10.0     85.0     95.0
       8      40.0       15.0      40.0        375.0     495.0       10.0      5.0      5.0     85.0     90.0
       9      95.0       35.0      20.0        146.0     266.0       10.0      0.0      3.0     85.0     91.0
      10      85.0       35.0      30.0          0.0     902.0       10.0      8.0     10.0     85.0     95.0
      11      62.0       80.0      30.0        278.0     398.0       10.0      1.0      5.0     85.0     91.0
      12      60.0       85.0      30.0        329.0     449.0       10.0      4.0      9.0     85.0     90.0
      13      55.0       85.0      20.0        574.0     694.0       10.0      5.0      5.0     85.0     90.0
      14      55.0       82.0      10.0        217.0     337.0       10.0      4.0      6.0     90.0     95.0
      15      42.0       12.0      10.0        440.0     560.0       10.0     -1.0      7.0     80.0     85.0
      16      72.0       35.0      30.0          0.0     914.0       10.0      8.0     10.0     85.0     95.0
      17      65.0       55.0      14.0        241.0     361.0       10.0     -1.0      0.0     90.0     95.0
      18      20.0       20.0       8.0        645.0     765.0       10.0      4.0      9.0     85.0     90.0
      19       5.0        5.0      16.0          0.0     892.0       10.0      0.0      0.0     95.0    100.0
      20       8.0       56.0      27.0        365.0     485.0       10.0      7.0     10.0     85.0     95.0
      21      57.0       29.0      18.0        395.0     515.0       10.0     -1.0      0.0     90.0     95.0
      22      63.0       23.0       2.0          0.0     914.0       10.0     10.0     10.0     85.0     95.0
      23      24.0       58.0      19.0        260.0     380.0       10.0      0.0      0.0     90.0     95.0
      24      26.0       35.0      15.0        308.0     428.0       10.0      0.0      2.0     85.0     90.0
      25      31.0       67.0       3.0        810.0     930.0       10.0      5.0      5.0     90.0     90.0
      26      40.0       50.0       0.0          0.0     960.0        0.0     -4.0     15.0     80.0    100.0
