RANGE
4265.9
NUMBER     CAPACITY      CAPACITY      beta      flight              sl              F
    25        200                20         3.1125          30            2400.0      30.0


CUSTOMER
CUST NO. XCOORD. YCOORD. DEMAND READY TIME DUE DATE SERVICE TIME TL (°C) TU (°C) HL (%) HU (%)
       0      40.0       50.0       0.0          0.0    1236.0        0.0     -4.0     15.0     80.0    100.0
       1      45.0       70.0      30.0        756.0     939.0       90.0      4.0      6.0     90.0     95.0
       2      38.0       70.0      10.0        429.0     710.0       90.0     10.0     10.0     85.0     95.0
       3      18.0       75.0      20.0         33.0     226.0       90.0      0.0      2.0     90.0     95.0
       4      30.0       50.0      10.0         10.0     265.0       90.0      5.0      5.0     90.0     90.0
       5      25.0       52.0      40.0         88.0     305.0       90.0      0.0      0.0     95.0    100.0
       6      20.0       55.0      10.0        368.0     585.0       90.0      1.0      1.0     95.0     96.0
       7      10.0       35.0      20.0        144.0     293.0       90.0     10.0     10.0     85.0     95.0
       8       8.0       45.0      20.0        655.0     912.0       90.0      0.0      3.0     85.0     91.0
       9      28.0       30.0      10.0        539.0     786.0       90.0      4.0      9.0     85.0     90.0
      10      25.0       30.0      10.0        635.0     876.0       90.0     -1.0      0.0     90.0     95.0
      11      50.0       30.0      10.0        412.0     729.0       90.0     -2.0      1.0     90.0     95.0
      12      95.0       30.0      30.0        284.0     559.0       90.0      2.0      5.0     85.0     90.0
      13      95.0       35.0      20.0        194.0     459.0       90.0      5.0      5.0     85.0     90.0
      14      45.0       65.0      20.0        847.0    1130.0       90.0     11.0     13.0     85.0     90.0
      15      90.0       35.0      10.0        119.0     344.0       90.0     -1.0      0.0     90.0     95.0
      16      88.0       35.0      20.0         50.0     295.0       90.0      0.0      0.0     95.0    100.0
      17      85.0       35.0      30.0         47.0     356.0       90.0      4.0      6.0     90.0     95.0
      18      72.0       55.0      10.0        154.0     449.0       90.0      7.0     10.0     85.0     95.0
      19      68.0       60.0      30.0        470.0     697.0       90.0     11.0     13.0     85.0     90.0
      20      66.0       55.0      10.0         76.0     335.0       90.0      1.0      1.0     95.0     96.0
      21      65.0       60.0      30.0        551.0     802.0       90.0      4.0      6.0     90.0     95.0
      22      60.0       55.0      10.0         20.0     276.0       90.0      1.0      1.0     95.0     96.0
      23      65.0       82.0      10.0        209.0     412.0       90.0      2.0      5.0     85.0     90.0
      24      62.0       80.0      30.0        130.0     305.0       90.0      1.0      5.0     85.0     91.0
      25      58.0       75.0      20.0         30.0     248.0       90.0      0.0      2.0     90.0     95.0
      26      40.0       50.0       0.0          0.0    1236.0        0.0     -4.0     15.0     80.0    100.0
