RANGE
4265.9
NUMBER     CAPACITY      CAPACITY      beta      flight              sl              F
    25        200                20         3.1125          30            2400.0      30.0


CUSTOMER
CUST NO. XCOORD. YCOORD. DEMAND READY TIME DUE DATE SERVICE TIME TL (°C) TU (°C) HL (%) HU (%)
       0      40.0       50.0       0.0          0.0    1236.0        0.0     -4.0     15.0     80.0    100.0
       1      45.0       70.0      30.0        668.0    1028.0       90.0      0.0      2.0     85.0     90.0
       2      40.0       66.0      20.0         18.0     378.0       90.0      1.0      5.0     85.0     91.0
       3      38.0       68.0      20.0        110.0     470.0       90.0      3.0      5.0     85.0     90.0
       4      35.0       66.0      10.0        204.0     564.0       90.0      0.0      2.0     90.0     95.0
       5      25.0       85.0      20.0        507.0     867.0       90.0      4.0      9.0     85.0     90.0
       6      22.0       75.0      30.0         30.0     390.0       90.0     -2.0      1.0     90.0     95.0
       7      15.0       75.0      20.0         37.0     397.0       90.0     -1.0      7.0     80.0     85.0
       8      28.0       52.0      20.0        668.0    1028.0       90.0      5.0      5.0     85.0     90.0
       9      28.0       55.0      10.0        575.0     935.0       90.0     10.0     10.0     85.0     95.0
      10      25.0       50.0      10.0         15.0     375.0       90.0      0.0      0.0     95.0    100.0
      11      10.0       40.0      30.0         31.0     391.0       90.0      0.0      1.0     90.0     95.0
      12      35.0       32.0      10.0         21.0     381.0       90.0      0.0      1.0     80.0     85.0
      13      33.0       32.0      20.0         19.0     379.0       90.0     -1.0      0.0     90.0     95.0
      14      44.0        5.0      20.0        137.0     497.0       90.0      2.0      4.0     85.0     95.0
      15      38.0        5.0      30.0        323.0     683.0       90.0      1.0      5.0     85.0     91.0
      16      38.0       15.0      10.0        516.0     876.0       90.0     -1.0      7.0     80.0     85.0
      17      35.0        5.0      20.0        416.0     776.0       90.0      8.0     10.0     85.0     95.0
      18      50.0       35.0      20.0        110.0     470.0       90.0      0.0      0.0     90.0     95.0
      19      47.0       40.0      10.0         12.0     372.0       90.0     -1.0      7.0     80.0     85.0
      20      45.0       30.0      10.0        576.0     936.0       90.0      2.0      4.0     85.0     95.0
      21      95.0       35.0      20.0        147.0     507.0       90.0      0.0      1.0     80.0     85.0
      22      92.0       30.0      10.0        335.0     695.0       90.0      8.0     10.0     85.0     95.0
      23      53.0       35.0      50.0        203.0     563.0       90.0      0.0      2.0     90.0     95.0
      24      85.0       35.0      30.0         47.0     407.0       90.0     -4.0      1.0     85.0     90.0
      25      68.0       60.0      30.0        404.0     764.0       90.0     13.0     15.0     85.0     95.0
      26      40.0       50.0       0.0          0.0    1236.0        0.0     -4.0     15.0     80.0    100.0
