RANGE
4265.9
NUMBER     CAPACITY      CAPACITY      beta      flight              sl              F
    25        200                20         3.1125          30            2400.0      30.0


CUSTOMER
CUST NO. XCOORD. YCOORD. DEMAND READY TIME DUE DATE SERVICE TIME TL (°C) TU (°C) HL (%) HU (%)
       0      35.0       35.0       0.0          0.0     230.0        0.0     -4.0     15.0     80.0    100.0
       1      55.0       45.0      13.0        116.0     126.0       10.0      7.0     10.0     85.0     95.0
       2      55.0       60.0      16.0         97.0     107.0       10.0     -1.0      0.0     90.0     95.0
       3      30.0       60.0      16.0        124.0     134.0       10.0      8.0     10.0     85.0     95.0
       4      20.0       65.0      12.0         67.0      77.0       10.0      0.0      1.0     90.0     95.0
       5      30.0       25.0      23.0        159.0     169.0       10.0      0.0      1.0     90.0     95.0
       6      45.0       10.0      18.0         97.0     107.0       10.0     10.0     12.0     85.0     95.0
       7      65.0       20.0       6.0        172.0     182.0       10.0      7.0     10.0     85.0     95.0
       8      41.0       37.0      16.0         39.0      49.0       10.0      8.0     10.0     85.0     95.0
       9      64.0       42.0       9.0         63.0      73.0       10.0      1.0      1.0     95.0     96.0
      10      40.0       60.0      21.0         71.0      81.0       10.0     -4.0      1.0     85.0     90.0
      11      40.0       25.0       9.0         85.0      95.0       10.0     -2.0      1.0     90.0     95.0
      12       2.0       48.0       1.0        117.0     127.0       10.0      0.0      0.0     90.0     95.0
      13      49.0       58.0      10.0         88.0      98.0       10.0      7.0     10.0     85.0     95.0
      14      63.0       23.0       2.0        136.0     146.0       10.0     13.0     14.0     90.0     95.0
      15      12.0       24.0      13.0         76.0      86.0       10.0      4.0      9.0     85.0     90.0
      16      27.0       69.0      10.0         34.0      44.0       10.0      5.0      5.0     85.0     90.0
      17      57.0       68.0      15.0         77.0      87.0       10.0     -1.0      0.0     90.0     90.0
      18      47.0       16.0      25.0         35.0      45.0       10.0      0.0      1.0     90.0     95.0
      19      46.0       13.0       8.0        149.0     159.0       10.0      0.0      1.0     80.0     85.0
      20      49.0       42.0      13.0         73.0      83.0       10.0      2.0      4.0     85.0     95.0
      21      61.0       52.0       3.0         96.0     106.0       10.0      0.0      2.0     90.0     95.0
      22      11.0       31.0       7.0        101.0     111.0       10.0     -2.0      1.0     90.0     95.0
      23      26.0       35.0      15.0        176.0     186.0       10.0     -1.0      0.0     90.0     95.0
      24      22.0       27.0      11.0        135.0     145.0       10.0     10.0     10.0     85.0     95.0
      25      18.0       18.0      17.0        185.0     195.0       10.0      5.0      5.0     85.0     90.0
      26      35.0       35.0       0.0          0.0     230.0        0.0     -4.0     15.0     80.0    100.0
