RANGE
4265.9
NUMBER     CAPACITY      CAPACITY      beta      flight              sl              F
    25        200                20         3.1125          30            2400.0      30.0


CUSTOMER
CUST NO. XCOORD. YCOORD. DEMAND READY TIME DUE DATE SERVICE TIME TL (°C) TU (°C) HL (%) HU (%)
       0      40.0       50.0       0.0          0.0     240.0        0.0     -4.0     15.0     80.0    100.0
       1      25.0       85.0      20.0         49.0     191.0       10.0     -4.0      1.0     85.0     90.0
       2      22.0       75.0      30.0         30.0     168.0       10.0     13.0     15.0     85.0     95.0
       3      22.0       85.0      10.0         95.0     152.0       10.0     10.0     12.0     85.0     95.0
       4      15.0       75.0      20.0         54.0     133.0       10.0      5.0      5.0     85.0     90.0
       5      10.0       40.0      30.0        106.0     161.0       10.0      0.0      2.0     85.0     90.0
       6       5.0       35.0      10.0         53.0     191.0       10.0     -1.0      0.0     90.0     90.0
       7       2.0       40.0      20.0         39.0     163.0       10.0      7.0     10.0     85.0     95.0
       8      44.0        5.0      20.0         73.0     130.0       10.0      0.0      2.0     85.0     90.0
       9      42.0       15.0      10.0         94.0     179.0       10.0      0.0      0.0     90.0     95.0
      10      38.0       15.0      10.0         51.0     194.0       10.0      1.0      5.0     85.0     91.0
      11      88.0       35.0      20.0         50.0     172.0       10.0      0.0      0.0     90.0     95.0
      12      55.0       80.0      10.0         33.0     180.0       10.0     13.0     14.0     90.0     95.0
      13      55.0       85.0      20.0        100.0     185.0       10.0      2.0      5.0     85.0     90.0
      14      18.0       80.0      10.0         71.0     184.0       10.0      4.0      6.0     90.0     95.0
      15      30.0       60.0      16.0         95.0     214.0       10.0      2.0      4.0     85.0     95.0
      16      50.0       35.0      19.0         91.0     198.0       10.0      1.0      1.0     95.0     96.0
      17      15.0       60.0      17.0         62.0     203.0       10.0      4.0      6.0     90.0     95.0
      18      45.0       65.0       9.0         37.0     124.0       10.0      3.0      5.0     85.0     90.0
      19      41.0       37.0      16.0         97.0     198.0       10.0      2.0      5.0     85.0     90.0
      20      35.0       69.0      23.0         30.0     210.0       10.0      7.0     10.0     85.0     95.0
      21       2.0       60.0       5.0         46.0     137.0       10.0      4.0      5.0     85.0     95.0
      22      37.0       31.0      14.0         19.0     172.0       10.0      2.0      5.0     85.0     90.0
      23      12.0       24.0      13.0         91.0     118.0       10.0      7.0     10.0     85.0     95.0
      24      67.0        5.0      25.0         52.0     177.0       10.0     -4.0      1.0     85.0     90.0
      25      56.0       37.0       6.0         20.0     159.0       10.0     -4.0      1.0     85.0     90.0
      26      40.0       50.0       0.0          0.0     240.0        0.0     -4.0     15.0     80.0    100.0
