RANGE
4265.9
NUMBER     CAPACITY      CAPACITY      beta      flight              sl              F
    25        200                20         3.1125          30            2400.0      30.0


CUSTOMER
CUST NO. XCOORD. YCOORD. DEMAND READY TIME DUE DATE SERVICE TIME TL (°C) TU (°C) HL (%) HU (%)
       0      40.0       50.0       0.0          0.0     240.0        0.0     -4.0     15.0     80.0    100.0
       1      20.0       80.0      40.0        141.0     171.0       10.0      0.0      0.0     95.0    100.0
       2      18.0       75.0      20.0          0.0     196.0       10.0     11.0     13.0     85.0     90.0
       3      15.0       75.0      20.0          0.0     194.0       10.0      0.0      1.0     80.0     85.0
       4       8.0       40.0      40.0         59.0      89.0       10.0     -1.0      0.0     85.0     90.0
       5       8.0       45.0      20.0          0.0     197.0       10.0     -2.0      1.0     90.0     95.0
       6       2.0       40.0      20.0         58.0      88.0       10.0      4.0      5.0     85.0     95.0
       7      42.0       10.0      40.0          0.0     189.0       10.0      4.0      5.0     85.0     95.0
       8      40.0       15.0      40.0          0.0     195.0       10.0      4.0      9.0     85.0     90.0
       9      95.0       30.0      30.0          0.0     171.0       10.0     -4.0      1.0     85.0     90.0
      10      90.0       35.0      10.0          0.0     177.0       10.0      0.0      2.0     90.0     95.0
      11      88.0       35.0      20.0          0.0     179.0       10.0      1.0      1.0     95.0     96.0
      12      87.0       30.0      10.0          0.0     178.0       10.0      0.0      2.0     90.0     95.0
      13      67.0       85.0      20.0          0.0     185.0       10.0     13.0     14.0     90.0     95.0
      14      62.0       80.0      30.0         75.0     105.0       10.0      5.0      5.0     90.0     90.0
      15      18.0       80.0      10.0          0.0     192.0       10.0     -1.0      0.0     90.0     90.0
      16      42.0       12.0      10.0          0.0     191.0       10.0      5.0      5.0     85.0     90.0
      17      50.0       35.0      19.0          0.0     211.0       10.0     11.0     13.0     85.0     90.0
      18      45.0       65.0       9.0          0.0     214.0       10.0      8.0     10.0     85.0     95.0
      19      65.0       35.0       3.0         52.0      82.0       10.0     10.0     10.0     85.0     95.0
      20      35.0       40.0      16.0          0.0     218.0       10.0      0.0      3.0     85.0     91.0
      21      60.0       12.0      31.0         75.0     105.0       10.0      1.0      5.0     85.0     91.0
      22       8.0       56.0      27.0          0.0     197.0       10.0     13.0     15.0     85.0     95.0
      23      12.0       24.0      13.0         90.0     120.0       10.0     10.0     10.0     85.0     95.0
      24      67.0        5.0      25.0          0.0     177.0       10.0     -1.0      0.0     90.0     90.0
      25      26.0       52.0       9.0          0.0     215.0       10.0     10.0     10.0     85.0     95.0
      26      40.0       50.0       0.0          0.0     240.0        0.0     -4.0     15.0     80.0    100.0
