RANGE
4265.9
NUMBER     CAPACITY      CAPACITY      beta      flight              sl              F
    25        200                20         3.1125          30            2400.0      30.0


CUSTOMER
CUST NO. XCOORD. YCOORD. DEMAND READY TIME DUE DATE SERVICE TIME TL (°C) TU (°C) HL (%) HU (%)
       0      40.0       50.0       0.0          0.0     240.0        0.0     -4.0     15.0     80.0    100.0
       1      25.0       85.0      20.0        125.0     191.0       10.0      0.0      2.0     85.0     90.0
       2      38.0       15.0      10.0        128.0     194.0       10.0      0.0      0.0     90.0     95.0
       3      35.0        5.0      20.0         54.0     184.0       10.0      1.0      1.0     95.0     96.0
       4      88.0       30.0      10.0         52.0     159.0       10.0     -2.0      1.0     90.0     95.0
       5      60.0       85.0      30.0         50.0     149.0       10.0      0.0      1.0     80.0     85.0
       6      58.0       75.0      20.0         48.0     165.0       10.0      2.0      4.0     85.0     95.0
       7      55.0       80.0      10.0         33.0     166.0       10.0      0.0      3.0     85.0     91.0
       8      55.0       82.0      10.0         35.0     148.0       10.0      5.0      5.0     90.0     90.0
       9      20.0       82.0      10.0         37.0     177.0       10.0     10.0     12.0     85.0     95.0
      10      18.0       80.0      10.0         98.0     157.0       10.0      0.0      0.0     95.0    100.0
      11      55.0       20.0      19.0         69.0     126.0       10.0     -1.0      7.0     80.0     85.0
      12      20.0       50.0       5.0         57.0     154.0       10.0     11.0     13.0     85.0     90.0
      13      15.0       10.0      20.0         56.0     182.0       10.0     10.0     10.0     85.0     95.0
      14      65.0       20.0       6.0         39.0     108.0       10.0      7.0     10.0     85.0     95.0
      15      35.0       40.0      16.0         11.0     140.0       10.0      2.0      4.0     85.0     95.0
      16      64.0       42.0       9.0         28.0     141.0       10.0      7.0     10.0     85.0     95.0
      17       2.0       60.0       5.0         65.0     118.0       10.0      0.0      2.0     90.0     95.0
      18       6.0       68.0      30.0         54.0     153.0       10.0      5.0      5.0     85.0     90.0
      19      47.0       47.0      13.0         97.0     222.0       10.0      2.0      4.0     85.0     95.0
      20      12.0       24.0      13.0         68.0     141.0       10.0      5.0      5.0     85.0     90.0
      21      37.0       47.0       6.0         74.0     127.0       10.0      5.0      5.0     90.0     90.0
      22      61.0       52.0       3.0         69.0     208.0       10.0     13.0     14.0     90.0     95.0
      23       4.0       18.0      35.0        112.0     157.0       10.0      0.0      0.0     90.0     95.0
      24      26.0       52.0       9.0         30.0      91.0       10.0      0.0      3.0     85.0     91.0
      25      26.0       35.0      15.0         37.0     146.0       10.0      0.0      1.0     80.0     85.0
      26      40.0       50.0       0.0          0.0     240.0        0.0     -4.0     15.0     80.0    100.0
