RANGE
4265.9
NUMBER     CAPACITY      CAPACITY      beta      flight              sl              F
    25        200                20         3.1125          30            2400.0      30.0


CUSTOMER
CUST NO. XCOORD. YCOORD. DEMAND READY TIME DUE DATE SERVICE TIME TL (°C) TU (°C) HL (%) HU (%)
       0      40.0       50.0       0.0          0.0     960.0        0.0     -4.0     15.0     80.0    100.0
       1      25.0       85.0      20.0        673.0     793.0       10.0      4.0      5.0     85.0     95.0
       2      22.0       75.0      30.0        152.0     272.0       10.0     10.0     10.0     85.0     95.0
       3      22.0       85.0      10.0        471.0     591.0       10.0      0.0      1.0     80.0     85.0
       4      20.0       85.0      20.0         73.0     193.0       10.0     -2.0      1.0     90.0     95.0
       5      15.0       75.0      20.0        300.0     420.0       10.0      5.0      5.0     90.0     90.0
       6      15.0       80.0      10.0        367.0     487.0       10.0      4.0      9.0     85.0     90.0
       7      42.0       15.0      10.0        537.0     657.0       10.0     -1.0      0.0     85.0     90.0
       8      40.0        5.0      10.0        215.0     335.0       10.0     -1.0      0.0     90.0     90.0
       9      38.0       15.0      10.0        681.0     801.0       10.0      0.0      1.0     90.0     95.0
      10      92.0       30.0      10.0        149.0     269.0       10.0      0.0      2.0     90.0     95.0
      11      65.0       85.0      40.0         43.0     163.0       10.0      0.0      3.0     85.0     91.0
      12      62.0       80.0      30.0        278.0     398.0       10.0      0.0      3.0     85.0     91.0
      13      60.0       85.0      30.0        329.0     449.0       10.0      0.0      1.0     80.0     85.0
      14      58.0       75.0      20.0        376.0     496.0       10.0      2.0      4.0     85.0     95.0
      15      25.0       30.0       3.0        175.0     295.0       10.0      8.0     10.0     85.0     95.0
      16      30.0       60.0      16.0        599.0     719.0       10.0     -4.0      1.0     85.0     90.0
      17      45.0       30.0      17.0        191.0     311.0       10.0      0.0      1.0     90.0     95.0
      18      65.0       55.0      14.0        241.0     361.0       10.0     13.0     14.0     90.0     95.0
      19       2.0       60.0       5.0        286.0     406.0       10.0      1.0      1.0     95.0     96.0
      20       8.0       56.0      27.0        365.0     485.0       10.0      0.0      1.0     90.0     95.0
      21      49.0       58.0      10.0        355.0     475.0       10.0      7.0     10.0     85.0     95.0
      22      57.0       29.0      18.0        395.0     515.0       10.0      4.0      9.0     85.0     90.0
      23      37.0       47.0       6.0        359.0     479.0       10.0      0.0      1.0     80.0     85.0
      24      56.0       37.0       6.0        100.0     220.0       10.0     -2.0      1.0     90.0     95.0
      25      26.0       52.0       9.0        172.0     292.0       10.0      5.0      5.0     90.0     90.0
      26      40.0       50.0       0.0          0.0     960.0        0.0     -4.0     15.0     80.0    100.0
