RANGE
4265.9
NUMBER     CAPACITY      CAPACITY      beta      flight              sl              F
    25        200                20         3.1125          30            2400.0      30.0


CUSTOMER
CUST NO. XCOORD. YCOORD. DEMAND READY TIME DUE DATE SERVICE TIME TL (°C) TU (°C) HL (%) HU (%)
       0      35.0       35.0       0.0          0.0     230.0        0.0     -4.0     15.0     80.0    100.0
       1      41.0       49.0      10.0        151.0     181.0       10.0     -2.0      1.0     90.0     95.0
       2      25.0       30.0       3.0         89.0     119.0       10.0      4.0      9.0     85.0     90.0
       3      20.0       50.0       5.0         71.0     101.0       10.0      0.0      3.0     85.0     91.0
       4      55.0       60.0      16.0         87.0     117.0       10.0     13.0     15.0     85.0     95.0
       5      50.0       35.0      19.0         53.0      83.0       10.0      7.0     10.0     85.0     95.0
       6      20.0       40.0      12.0         77.0     107.0       10.0      2.0      5.0     85.0     90.0
       7      45.0       10.0      18.0         87.0     117.0       10.0     -1.0      7.0     80.0     85.0
       8      65.0       20.0       6.0        156.0     186.0       10.0     11.0     13.0     85.0     90.0
       9      64.0       42.0       9.0         53.0      83.0       10.0     10.0     10.0     85.0     95.0
      10      35.0       69.0      23.0        131.0     161.0       10.0      4.0      9.0     85.0     90.0
      11      11.0       14.0      18.0         59.0      89.0       10.0      0.0      1.0     80.0     85.0
      12       6.0       38.0      16.0         29.0      59.0       10.0      3.0      5.0     85.0     90.0
      13      17.0       34.0       3.0        152.0     182.0       10.0      0.0      0.0     95.0    100.0
      14      27.0       69.0      10.0         34.0      64.0       10.0     -1.0      0.0     90.0     95.0
      15      37.0       56.0       5.0        168.0     198.0       10.0      1.0      1.0     95.0     96.0
      16      57.0       68.0      15.0         67.0      97.0       10.0      0.0      0.0     90.0     95.0
      17      47.0       16.0      25.0         25.0      55.0       10.0      0.0      0.0     95.0    100.0
      18      49.0       11.0      18.0         59.0      89.0       10.0      5.0      5.0     85.0     90.0
      19      57.0       48.0      23.0         82.0     112.0       10.0      1.0      5.0     85.0     91.0
      20      56.0       37.0       6.0        168.0     198.0       10.0     -1.0      0.0     90.0     90.0
      21      55.0       54.0      26.0         84.0     114.0       10.0     -1.0      0.0     90.0     95.0
      22      26.0       27.0      27.0         90.0     120.0       10.0      7.0     10.0     85.0     95.0
      23      22.0       27.0      11.0        125.0     155.0       10.0      8.0     10.0     85.0     95.0
      24      25.0       21.0      12.0        123.0     153.0       10.0      0.0      1.0     90.0     95.0
      25      19.0       21.0      10.0         48.0      78.0       10.0      2.0      5.0     85.0     90.0
      26      35.0       35.0       0.0          0.0     230.0        0.0     -4.0     15.0     80.0    100.0
