RANGE
4265.9
NUMBER     CAPACITY      CAPACITY      beta      flight              sl              F
    40        200                20         3.1125          30            2400.0      30.0


CUSTOMER
CUST NO. XCOORD. YCOORD. DEMAND READY TIME DUE DATE SERVICE TIME TL (°„C) TU (°„C) HL (%) HU (%)
       0      40.0       50.0       0.0          0.0    1236.0        0.0     -4.0     15.0     80.0    100.0
       1      40.0       66.0      20.0          0.0    1130.0       90.0     10.0     12.0     85.0     95.0
       2      38.0       70.0      10.0        534.0     605.0       90.0      0.0      2.0     90.0     95.0
       3      35.0       66.0      10.0        357.0     410.0       90.0      5.0      5.0     85.0     90.0
       4      25.0       85.0      20.0          0.0    1107.0       90.0     10.0     12.0     85.0     95.0
       5      20.0       80.0      40.0        384.0     429.0       90.0     -1.0      7.0     80.0     85.0
       6      30.0       52.0      20.0          0.0    1135.0       90.0      5.0      5.0     85.0     90.0
       7      25.0       52.0      40.0        169.0     224.0       90.0     -1.0      0.0     90.0     95.0
       8      23.0       52.0      10.0        261.0     316.0       90.0     10.0     12.0     85.0     95.0
       9      23.0       55.0      20.0        546.0     593.0       90.0     -1.0      0.0     90.0     90.0
      10      20.0       50.0      10.0        358.0     405.0       90.0      0.0      0.0     95.0    100.0
      11      10.0       35.0      20.0          0.0    1112.0       90.0      0.0      1.0     80.0     85.0
      12       8.0       40.0      40.0         87.0     158.0       90.0     10.0     10.0     85.0     95.0
      13       2.0       40.0      20.0          0.0    1106.0       90.0      1.0      1.0     95.0     96.0
      14       0.0       45.0      20.0        567.0     624.0       90.0      4.0      9.0     85.0     90.0
      15      35.0       30.0      10.0        264.0     321.0       90.0      2.0      4.0     85.0     95.0
      16      33.0       32.0      20.0         68.0     149.0       90.0      2.0      4.0     85.0     95.0
      17      33.0       35.0      10.0         16.0      80.0       90.0      0.0      2.0     85.0     90.0
      18      30.0       32.0      30.0        448.0     509.0       90.0     10.0     10.0     85.0     95.0
      19      30.0       35.0      10.0       1054.0    1127.0       90.0      1.0      1.0     95.0     96.0
      20      25.0       35.0      10.0          0.0    1124.0       90.0      0.0      1.0     90.0     95.0
      21      44.0        5.0      20.0        286.0     347.0       90.0     10.0     12.0     85.0     95.0
      22      42.0       15.0      10.0         95.0     158.0       90.0      2.0      5.0     85.0     90.0
      23      40.0        5.0      30.0        385.0     436.0       90.0     11.0     13.0     85.0     90.0
      24      40.0       15.0      40.0         35.0      87.0       90.0      5.0      5.0     85.0     90.0
      25      35.0        5.0      20.0        562.0     629.0       90.0     10.0     12.0     85.0     95.0
      26      50.0       30.0      10.0        531.0     610.0       90.0      7.0     10.0     85.0     95.0
      27      50.0       40.0      50.0        171.0     218.0       90.0     13.0     14.0     90.0     95.0
      28      48.0       40.0      10.0         76.0     129.0       90.0     -1.0      0.0     90.0     90.0
      29      45.0       35.0      10.0        916.0     969.0       90.0     -1.0      0.0     85.0     90.0
      30      95.0       30.0      30.0        387.0     456.0       90.0      7.0     10.0     85.0     95.0
      31      53.0       35.0      50.0        353.0     412.0       90.0     -2.0      1.0     90.0     95.0
      32      45.0       65.0      20.0          0.0    1130.0       90.0     13.0     15.0     85.0     95.0
      33      88.0       35.0      20.0        109.0     170.0       90.0      4.0      6.0     90.0     95.0
      34      75.0       55.0      20.0          0.0    1110.0       90.0      4.0      6.0     90.0     95.0
      35      68.0       60.0      30.0          0.0    1116.0       90.0      0.0      1.0     80.0     85.0
      36      65.0       55.0      20.0         85.0     144.0       90.0     -4.0      1.0     85.0     90.0
      37      67.0       85.0      20.0        368.0     441.0       90.0      7.0     10.0     85.0     95.0
      38      65.0       82.0      10.0          0.0    1105.0       90.0      0.0      1.0     80.0     85.0
      39      60.0       80.0      10.0          0.0    1109.0       90.0      5.0      5.0     85.0     90.0
      40      55.0       80.0      10.0        743.0     820.0       90.0     -4.0      1.0     85.0     90.0
      41      40.0       50.0       0.0          0.0    1236.0        0.0     -4.0     15.0     80.0    100.0
