RANGE
4265.95
NUMBER     CAPACITY      CAPACITY      beta      flight              sl              F
   40        200        20        3.1125        30        2400        30


CUSTOMER
CUST NO.   XCOORD.   YCOORD.    DEMAND   READY TIME   DUE DATE   SERVICE TIME   TL (°C)   TU (°C)   HL (%)   HU (%)
     0      35      35       0       0     230       0      -4      15      80     100
     1      46      13       8     149     159      10      10      12      85      95
     2      20      65      12      67      77      10       1       5      85      91
     3      27      69      10      34      44      10       7      10      85      95
     4      65      55      14     117     127      10      -1       7      80      85
     5      15      30      26      34      44      10       1       5      85      91
     6      41      49      10     161     171      10       8      10      85      95
     7      15      60      17      76      86      10      13      15      85      95
     8      16      22      41      91     101      10       0       0      90      95
     9      49      42      13      73      83      10       4       5      85      95
    10      12      24      13      76      86      10       5       5      85      90
    11      13      52      36     165     175      10       4       9      85      90
    12      42       7       5      97     107      10       0       1      90      95
    13      55      45      13     116     126      10       4       5      85      95
    14      63      65       8     143     153      10       4       9      85      90
    15      19      21      10      58      68      10       0       3      85      91
    16      45      30      17     132     142      10       0       3      85      91
    17      37      31      14      95     105      10       1       1      95      96
    18      37      47       6      50      60      10      -1       7      80      85
    19      37      56       5     182     192      10       7      10      85      95
    20      30      25      23     159     169      10       0       0      95     100
    21      65      20       6     172     182      10       2       5      85      90
    22      44      17       9      78      88      10       3       5      85      90
    23      57      68      15      77      87      10       0       1      90      95
    24      25      21      12     133     143      10       8      10      85      95
    25      50      35      19      63      73      10      -4       1      85      90
    26      63      23       2     136     146      10       8      10      85      95
    27      23       3       7     132     142      10       2       4      85      95
    28      22      22       2      18      28      10      -2       1      90      95
    29       8      56      27      51      61      10       5       5      90      90
    30      11      31       7     101     111      10      10      12      85      95
    31      53      52      11      37      47      10       5       5      85      90
    32      32      12       7     101     111      10       4       9      85      90
    33      55      54      26      94     104      10       1       5      85      91
    34      18      24      22     188     198      10       2       4      85      95
    35       5       5      16      83      93      10       1       5      85      91
    36      56      39      36     142     152      10       0       0      95     100
    37      25      30       3      99     109      10       7      10      85      95
    38      49      73      25     127     137      10       4       9      85      90
    39      36      26      18     200     210      10      10      10      85      95
    40      62      77      20      51      69      10       8      10      85      95
