RANGE
4265.9
NUMBER     CAPACITY      CAPACITY      beta      flight              sl              F
    40        200                20         3.1125          30            2400.0      30.0


CUSTOMER
CUST NO. XCOORD. YCOORD. DEMAND READY TIME DUE DATE SERVICE TIME TL (°„C) TU (°„C) HL (%) HU (%)
       0      40.0       50.0       0.0          0.0     960.0        0.0     -4.0     15.0     80.0    100.0
       1      20.0       85.0      20.0          0.0     909.0       10.0      4.0      5.0     85.0     95.0
       2      10.0       35.0      20.0        371.0     491.0       10.0     -1.0      0.0     85.0     90.0
       3       5.0       35.0      10.0        653.0     773.0       10.0      0.0      1.0     90.0     95.0
       4       5.0       45.0      10.0          0.0     914.0       10.0      5.0      5.0     90.0     90.0
       5      40.0       15.0      40.0          0.0     915.0       10.0      7.0     10.0     85.0     95.0
       6      38.0       15.0      10.0          0.0     914.0       10.0     13.0     15.0     85.0     95.0
       7      35.0        5.0      20.0        784.0     904.0       10.0      0.0      3.0     85.0     91.0
       8      92.0       30.0      10.0          0.0     894.0       10.0      0.0      2.0     90.0     95.0
       9      90.0       35.0      10.0          0.0     897.0       10.0      4.0      6.0     90.0     95.0
      10      88.0       30.0      10.0          0.0     898.0       10.0      0.0      0.0     90.0     95.0
      11      88.0       35.0      20.0          0.0     899.0       10.0      7.0     10.0     85.0     95.0
      12      65.0       85.0      40.0          0.0     906.0       10.0      0.0      3.0     85.0     91.0
      13      62.0       80.0      30.0        278.0     398.0       10.0     10.0     10.0     85.0     95.0
      14      58.0       75.0      20.0          0.0     919.0       10.0      3.0      5.0     85.0     90.0
      15      55.0       82.0      10.0        217.0     337.0       10.0      0.0      3.0     85.0     91.0
      16      20.0       82.0      10.0          0.0     912.0       10.0      8.0     10.0     85.0     95.0
      17      42.0       12.0      10.0          0.0     911.0       10.0     10.0     10.0     85.0     95.0
      18      72.0       35.0      30.0          0.0     914.0       10.0     -1.0      0.0     90.0     90.0
      19      55.0       20.0      19.0          0.0     916.0       10.0     -1.0      0.0     85.0     90.0
      20      20.0       50.0       5.0        375.0     495.0       10.0      4.0      5.0     85.0     95.0
      21      55.0       60.0      16.0          0.0     931.0       10.0      0.0      1.0     90.0     95.0
      22      30.0       60.0      16.0        599.0     719.0       10.0     -1.0      0.0     85.0     90.0
      23      15.0       10.0      20.0        782.0     902.0       10.0     -1.0      0.0     90.0     90.0
      24      10.0       20.0      19.0          0.0     907.0       10.0     -1.0      0.0     90.0     95.0
      25      15.0       60.0      17.0          0.0     923.0       10.0     -1.0      0.0     90.0     90.0
      26      45.0       30.0      17.0          0.0     929.0       10.0     11.0     13.0     85.0     90.0
      27      41.0       37.0      16.0          0.0     936.0       10.0     10.0     10.0     85.0     95.0
      28      40.0       60.0      21.0          0.0     940.0       10.0      0.0      2.0     90.0     95.0
      29      63.0       65.0       8.0          0.0     922.0       10.0     -1.0      7.0     80.0     85.0
      30       2.0       60.0       5.0          0.0     910.0       10.0     10.0     10.0     85.0     95.0
      31      20.0       20.0       8.0        645.0     765.0       10.0      7.0     10.0     85.0     95.0
      32       6.0       68.0      30.0        352.0     472.0       10.0     -1.0      0.0     90.0     95.0
      33      49.0       58.0      10.0          0.0     937.0       10.0      8.0     10.0     85.0     95.0
      34      67.0        5.0      25.0          0.0     897.0       10.0      4.0      9.0     85.0     90.0
      35      37.0       47.0       6.0          0.0     945.0       10.0      7.0     10.0     85.0     95.0
      36      61.0       52.0       3.0          0.0     928.0       10.0      0.0      0.0     95.0    100.0
      37      56.0       37.0       6.0          0.0     929.0       10.0      0.0      2.0     85.0     90.0
      38       4.0       18.0      35.0          0.0     901.0       10.0     10.0     12.0     85.0     95.0
      39      26.0       52.0       9.0          0.0     935.0       10.0     11.0     13.0     85.0     90.0
      40      26.0       35.0      15.0        308.0     428.0       10.0     -1.0      0.0     90.0     95.0
      41      40.0       50.0       0.0          0.0     960.0        0.0     -4.0     15.0     80.0    100.0
