RANGE
4265.9
NUMBER     CAPACITY      CAPACITY      beta      flight              sl              F
    40        200                20         3.1125          30            2400.0      30.0


CUSTOMER
CUST NO. XCOORD. YCOORD. DEMAND READY TIME DUE DATE SERVICE TIME TL (°„C) TU (°„C) HL (%) HU (%)
       0      40.0       50.0       0.0          0.0    1236.0        0.0     -4.0     15.0     80.0    100.0
       1      42.0       65.0      10.0         15.0     195.0       90.0     11.0     13.0     85.0     90.0
       2      40.0       69.0      20.0        572.0     752.0       90.0      1.0      1.0     95.0     96.0
       3      40.0       66.0      20.0        108.0     288.0       90.0      0.0      2.0     90.0     95.0
       4      35.0       69.0      10.0        387.0     567.0       90.0      0.0      1.0     80.0     85.0
       5      20.0       85.0      40.0        412.0     592.0       90.0     -2.0      1.0     90.0     95.0
       6      18.0       75.0      20.0         34.0     214.0       90.0      0.0      1.0     80.0     85.0
       7      15.0       80.0      10.0        222.0     402.0       90.0     -1.0      0.0     90.0     90.0
       8      28.0       52.0      20.0        758.0     938.0       90.0      0.0      1.0     80.0     85.0
       9      25.0       50.0      10.0         15.0     195.0       90.0      5.0      5.0     90.0     90.0
      10      20.0       50.0      10.0        292.0     472.0       90.0      4.0      5.0     85.0     95.0
      11      20.0       55.0      10.0        387.0     567.0       90.0      4.0      6.0     90.0     95.0
      12       0.0       40.0      30.0        411.0     591.0       90.0     -1.0      7.0     80.0     85.0
      13      33.0       35.0      10.0         16.0     196.0       90.0      5.0      5.0     85.0     90.0
      14      30.0       32.0      30.0        389.0     569.0       90.0     -4.0      1.0     85.0     90.0
      15      28.0       35.0      10.0        944.0    1124.0       90.0      0.0      1.0     80.0     85.0
      16      26.0       32.0      10.0        758.0     938.0       90.0      0.0      0.0     90.0     95.0
      17      44.0        5.0      20.0        227.0     407.0       90.0      0.0      2.0     90.0     95.0
      18      42.0       15.0      10.0         37.0     217.0       90.0      2.0      4.0     85.0     95.0
      19      40.0       15.0      40.0         35.0     215.0       90.0      5.0      5.0     90.0     90.0
      20      50.0       35.0      20.0        200.0     380.0       90.0      4.0      6.0     90.0     95.0
      21      50.0       40.0      50.0        105.0     285.0       90.0     10.0     12.0     85.0     95.0
      22      48.0       40.0      10.0         13.0     193.0       90.0     -2.0      1.0     90.0     95.0
      23      47.0       35.0      10.0        761.0     941.0       90.0      0.0      1.0     90.0     95.0
      24      47.0       40.0      10.0         12.0     192.0       90.0     10.0     10.0     85.0     95.0
      25      45.0       30.0      10.0        666.0     846.0       90.0     10.0     12.0     85.0     95.0
      26      95.0       30.0      30.0        332.0     512.0       90.0     10.0     12.0     85.0     95.0
      27      95.0       35.0      20.0        237.0     417.0       90.0      7.0     10.0     85.0     95.0
      28      92.0       30.0      10.0        425.0     605.0       90.0      0.0      2.0     85.0     90.0
      29      45.0       65.0      20.0        943.0    1123.0       90.0      5.0      5.0     90.0     90.0
      30      88.0       30.0      10.0        519.0     699.0       90.0      0.0      3.0     85.0     91.0
      31      88.0       35.0      20.0         50.0     230.0       90.0     -1.0      0.0     85.0     90.0
      32      87.0       30.0      10.0        610.0     790.0       90.0      2.0      5.0     85.0     90.0
      33      85.0       25.0      10.0        705.0     885.0       90.0     11.0     13.0     85.0     90.0
      34      68.0       60.0      30.0        494.0     674.0       90.0     -2.0      1.0     90.0     95.0
      35      65.0       55.0      20.0         25.0     205.0       90.0      1.0      1.0     95.0     96.0
      36      65.0       60.0      30.0        587.0     767.0       90.0      0.0      0.0     90.0     95.0
      37      60.0       60.0      10.0        773.0     953.0       90.0      2.0      5.0     85.0     90.0
      38      67.0       85.0      20.0        315.0     495.0       90.0     -1.0      0.0     90.0     95.0
      39      58.0       75.0      20.0         30.0     210.0       90.0     -1.0      7.0     80.0     85.0
      40      55.0       85.0      20.0        597.0     777.0       90.0     -1.0      0.0     90.0     95.0
      41      40.0       50.0       0.0          0.0    1236.0        0.0     -4.0     15.0     80.0    100.0
