RANGE
4265.9
NUMBER     CAPACITY      CAPACITY      beta      flight              sl              F
    40        200                20         3.1125          30            2400.0      30.0


CUSTOMER
CUST NO. XCOORD. YCOORD. DEMAND READY TIME DUE DATE SERVICE TIME TL (°„C) TU (°„C) HL (%) HU (%)
       0      40.0       50.0       0.0          0.0    3390.0        0.0     -4.0     15.0     80.0    100.0
       1      60.0       66.0      10.0       1261.0    1421.0       90.0      0.0      1.0     80.0     85.0
       2      16.0       42.0      20.0        497.0     657.0       90.0      0.0      1.0     90.0     95.0
       3      35.0       66.0      10.0       2791.0    2951.0       90.0      4.0      9.0     85.0     90.0
       4      35.0       69.0      10.0       2698.0    2858.0       90.0      8.0     10.0     85.0     95.0
       5      25.0       85.0      20.0          0.0    3261.0       90.0      7.0     10.0     85.0     95.0
       6      22.0       85.0      10.0       2026.0    2186.0       90.0      4.0      5.0     85.0     95.0
       7      20.0       85.0      40.0       1934.0    2094.0       90.0      0.0      0.0     95.0    100.0
       8      18.0       75.0      20.0       2311.0    2471.0       90.0      7.0     10.0     85.0     95.0
       9      25.0       50.0      10.0        116.0     276.0       90.0      2.0      4.0     85.0     95.0
      10       8.0       62.0      10.0          0.0    3265.0       90.0      0.0      1.0     80.0     85.0
      11       4.0       55.0      20.0       1447.0    1607.0       90.0     -1.0      0.0     90.0     90.0
      12      20.0       50.0      10.0        398.0     558.0       90.0      4.0      9.0     85.0     90.0
      13      20.0       55.0      10.0        303.0     463.0       90.0     13.0     15.0     85.0     95.0
      14      10.0       40.0      30.0        593.0     753.0       90.0     -1.0      7.0     80.0     85.0
      15       0.0       40.0      30.0       1063.0    1223.0       90.0      1.0      1.0     95.0     96.0
      16      32.0       20.0      10.0       1913.0    2073.0       90.0     10.0     12.0     85.0     95.0
      17      34.0       25.0      30.0       2009.0    2169.0       90.0      1.0      5.0     85.0     91.0
      18      36.0       40.0      10.0          0.0    3289.0       90.0      4.0      5.0     85.0     95.0
      19      48.0       20.0      10.0        967.0    1127.0       90.0      0.0      0.0     90.0     95.0
      20      44.0        5.0      20.0       1256.0    1416.0       90.0      0.0      0.0     95.0    100.0
      21      42.0       10.0      40.0       1160.0    1320.0       90.0      5.0      5.0     85.0     90.0
      22      38.0       10.0      10.0          0.0    3259.0       90.0     13.0     15.0     85.0     95.0
      23      35.0        5.0      20.0       1535.0    1695.0       90.0     -1.0      0.0     90.0     90.0
      24      50.0       30.0      10.0        401.0     561.0       90.0     11.0     13.0     85.0     90.0
      25      50.0       40.0      50.0         25.0     185.0       90.0      0.0      3.0     85.0     91.0
      26      47.0       40.0      10.0         12.0     172.0       90.0      7.0     10.0     85.0     95.0
      27      53.0       30.0      10.0          0.0    3276.0       90.0     10.0     12.0     85.0     95.0
      28      45.0       65.0      20.0          0.0    3284.0       90.0     11.0     13.0     85.0     90.0
      29      90.0       35.0      10.0       2131.0    2291.0       90.0     13.0     14.0     90.0     95.0
      30      78.0       40.0      20.0       2802.0    2962.0       90.0      0.0      1.0     90.0     95.0
      31      75.0       55.0      20.0          0.0    3264.0       90.0      1.0      1.0     95.0     96.0
      32      72.0       55.0      10.0          0.0    3267.0       90.0      0.0      0.0     90.0     95.0
      33      70.0       58.0      20.0       1641.0    1801.0       90.0      0.0      0.0     95.0    100.0
      34      56.0       64.0      10.0       1355.0    1515.0       90.0     10.0     12.0     85.0     95.0
      35      60.0       55.0      10.0       3119.0    3279.0       90.0      0.0      1.0     90.0     95.0
      36      60.0       60.0      10.0          0.0    3277.0       90.0      0.0      0.0     95.0    100.0
      37      67.0       85.0      20.0        694.0     854.0       90.0      4.0      5.0     85.0     95.0
      38      42.0       58.0      40.0          8.0     168.0       90.0     -1.0      0.0     90.0     95.0
      39      62.0       80.0      30.0          0.0    3262.0       90.0      0.0      3.0     85.0     91.0
      40      62.0       40.0      10.0          0.0    3275.0       90.0      3.0      5.0     85.0     90.0
      41      40.0       50.0       0.0          0.0    3390.0        0.0     -4.0     15.0     80.0    100.0
