RANGE
4265.9
NUMBER     CAPACITY      CAPACITY      beta      flight              sl              F
    40        200                20         3.1125          30            2400.0      30.0


CUSTOMER
CUST NO. XCOORD. YCOORD. DEMAND READY TIME DUE DATE SERVICE TIME TL (°„C) TU (°„C) HL (%) HU (%)
       0      40.0       50.0       0.0          0.0    3390.0        0.0     -4.0     15.0     80.0    100.0
       1      52.0       75.0      10.0        302.0     479.0       90.0      5.0      5.0     90.0     90.0
       2      62.0       69.0      10.0       1138.0    1355.0       90.0      5.0      5.0     85.0     90.0
       3      42.0       65.0      10.0         15.0     208.0       90.0      0.0      1.0     80.0     85.0
       4      16.0       42.0      20.0        209.0     944.0       90.0      7.0     10.0     85.0     95.0
       5      34.0       60.0      20.0       2035.0    3288.0       90.0     10.0     10.0     85.0     95.0
       6      35.0       66.0      10.0       2311.0    3283.0       90.0      0.0      0.0     90.0     95.0
       7      22.0       75.0      30.0       2135.0    2834.0       90.0     -1.0      0.0     90.0     90.0
       8      22.0       85.0      10.0       1586.0    2625.0       90.0      5.0      5.0     85.0     90.0
       9      20.0       85.0      40.0       1512.0    2515.0       90.0      7.0     10.0     85.0     95.0
      10      18.0       75.0      20.0       1895.0    2886.0       90.0     -1.0      0.0     90.0     95.0
      11      15.0       80.0      10.0       1461.0    2372.0       90.0      0.0      3.0     85.0     91.0
      12      28.0       52.0      20.0         12.0     752.0       90.0     13.0     15.0     85.0     95.0
      13      25.0       50.0      10.0         15.0     532.0       90.0      1.0      5.0     85.0     91.0
      14       8.0       62.0      10.0       1036.0    2213.0       90.0      3.0      5.0     85.0     90.0
      15      20.0       55.0      10.0         63.0     702.0       90.0     -1.0      7.0     80.0     85.0
      16      10.0       40.0      30.0        336.0    1009.0       90.0     10.0     10.0     85.0     95.0
      17       8.0       40.0      40.0        234.0    1295.0       90.0     -4.0      1.0     85.0     90.0
      18       8.0       45.0      20.0        954.0    1897.0       90.0     -2.0      1.0     90.0     95.0
      19       0.0       45.0      20.0        834.0    1641.0       90.0      5.0      5.0     90.0     90.0
      20      33.0       32.0      20.0       2421.0    3070.0       90.0      1.0      1.0     95.0     96.0
      21      33.0       35.0      10.0       2368.0    2937.0       90.0     13.0     15.0     85.0     95.0
      22      36.0       40.0      10.0       2605.0    3266.0       90.0     -4.0      1.0     85.0     90.0
      23      25.0       30.0      10.0       1883.0    2676.0       90.0      0.0      1.0     90.0     95.0
      24      25.0       35.0      10.0       2070.0    2859.0       90.0      0.0      2.0     85.0     90.0
      25      44.0        5.0      20.0       1078.0    1593.0       90.0      4.0      9.0     85.0     90.0
      26      38.0        5.0      30.0       1133.0    1910.0       90.0      5.0      5.0     90.0     90.0
      27      35.0        5.0      20.0       1180.0    2049.0       90.0      0.0      1.0     90.0     95.0
      28      45.0       35.0      10.0        534.0     985.0       90.0     13.0     14.0     90.0     95.0
      29      92.0       30.0      10.0       2169.0    2818.0       90.0     -1.0      0.0     90.0     95.0
      30      45.0       65.0      20.0         49.0     346.0       90.0      2.0      4.0     85.0     95.0
      31      78.0       40.0      20.0       2599.0    3164.0       90.0     -1.0      0.0     90.0     95.0
      32      85.0       25.0      10.0       2369.0    2816.0       90.0      4.0      5.0     85.0     95.0
      33      70.0       58.0      20.0       1617.0    1824.0       90.0      0.0      1.0     90.0     95.0
      34      60.0       55.0      10.0       2789.0    3279.0       90.0      0.0      1.0     80.0     85.0
      35      67.0       85.0      20.0        646.0     901.0       90.0      1.0      1.0     95.0     96.0
      36      65.0       82.0      10.0        708.0    1027.0       90.0      0.0      0.0     95.0    100.0
      37      62.0       80.0      30.0        852.0    1069.0       90.0     13.0     14.0     90.0     95.0
      38      62.0       40.0      10.0       2713.0    3275.0       90.0     -1.0      7.0     80.0     85.0
      39      55.0       80.0      10.0        379.0     594.0       90.0      3.0      5.0     85.0     90.0
      40      55.0       85.0      20.0        477.0     686.0       90.0      0.0      1.0     80.0     85.0
      41      40.0       50.0       0.0          0.0    3390.0        0.0     -4.0     15.0     80.0    100.0
