RANGE
4265.9
NUMBER     CAPACITY      CAPACITY      beta      flight              sl              F
    40        200                20         3.1125          30            2400.0      30.0


CUSTOMER
CUST NO. XCOORD. YCOORD. DEMAND READY TIME DUE DATE SERVICE TIME TL (°„C) TU (°„C) HL (%) HU (%)
       0      35.0       35.0       0.0          0.0     230.0        0.0     -4.0     15.0     80.0    100.0
       1      41.0       49.0      10.0          0.0     204.0       10.0      5.0      5.0     90.0     90.0
       2      10.0       43.0       9.0         95.0     105.0       10.0      1.0      1.0     95.0     96.0
       3      30.0       25.0      23.0        159.0     169.0       10.0      0.0      1.0     90.0     95.0
       4      15.0       10.0      20.0         32.0      42.0       10.0     -4.0      1.0     85.0     90.0
       5      30.0        5.0       8.0         61.0      71.0       10.0     -1.0      0.0     90.0     90.0
       6      15.0       60.0      17.0         76.0      86.0       10.0      0.0      1.0     90.0     95.0
       7      45.0       20.0      11.0          0.0     201.0       10.0      2.0      4.0     85.0     95.0
       8      45.0       10.0      18.0         97.0     107.0       10.0      3.0      5.0     85.0     90.0
       9      65.0       35.0       3.0        153.0     163.0       10.0     -1.0      7.0     80.0     85.0
      10      40.0       60.0      21.0         71.0      81.0       10.0      4.0      6.0     90.0     95.0
      11      53.0       52.0      11.0         37.0      47.0       10.0      5.0      5.0     85.0     90.0
      12       5.0        5.0      16.0         83.0      93.0       10.0      0.0      3.0     85.0     91.0
      13      40.0       25.0       9.0         85.0      95.0       10.0      0.0      1.0     90.0     95.0
      14      24.0       12.0       5.0         31.0      41.0       10.0      8.0     10.0     85.0     95.0
      15      23.0        3.0       7.0        132.0     142.0       10.0      5.0      5.0     85.0     90.0
      16       6.0       38.0      16.0         32.0      42.0       10.0      0.0      2.0     90.0     95.0
      17       2.0       48.0       1.0        117.0     127.0       10.0     11.0     13.0     85.0     90.0
      18      47.0       47.0      13.0          0.0     203.0       10.0      7.0     10.0     85.0     95.0
      19      49.0       58.0      10.0         88.0      98.0       10.0      4.0      9.0     85.0     90.0
      20      37.0       31.0      14.0         95.0     105.0       10.0     13.0     14.0     90.0     95.0
      21      53.0       12.0       6.0        130.0     140.0       10.0      0.0      1.0     90.0     95.0
      22      21.0       24.0      28.0          0.0     202.0       10.0      4.0      6.0     90.0     95.0
      23      27.0       69.0      10.0         34.0      44.0       10.0     10.0     10.0     85.0     95.0
      24      15.0       77.0       9.0         73.0      83.0       10.0     10.0     12.0     85.0     95.0
      25      62.0       77.0      20.0         51.0      61.0       10.0     10.0     10.0     85.0     95.0
      26      56.0       39.0      36.0        142.0     152.0       10.0      0.0      2.0     90.0     95.0
      27      47.0       16.0      25.0          0.0     197.0       10.0      8.0     10.0     85.0     95.0
      28      46.0       13.0       8.0        149.0     159.0       10.0     13.0     14.0     90.0     95.0
      29      49.0       11.0      18.0          0.0     192.0       10.0     -1.0      7.0     80.0     85.0
      30      49.0       42.0      13.0         73.0      83.0       10.0      3.0      5.0     85.0     90.0
      31      57.0       48.0      23.0         92.0     102.0       10.0     -4.0      1.0     85.0     90.0
      32      11.0       31.0       7.0        101.0     111.0       10.0      0.0      0.0     95.0    100.0
      33      16.0       22.0      41.0          0.0     196.0       10.0      0.0      1.0     90.0     95.0
      34      26.0       52.0       9.0         74.0      84.0       10.0     13.0     15.0     85.0     95.0
      35      26.0       35.0      15.0        176.0     186.0       10.0      0.0      0.0     95.0    100.0
      36      18.0       24.0      22.0        188.0     198.0       10.0     10.0     10.0     85.0     95.0
      37      26.0       27.0      27.0          0.0     207.0       10.0      3.0      5.0     85.0     90.0
      38      25.0       24.0      20.0          0.0     205.0       10.0      0.0      3.0     85.0     91.0
      39      19.0       21.0      10.0          0.0     198.0       10.0      3.0      5.0     85.0     90.0
      40      20.0       26.0       9.0         83.0      93.0       10.0      4.0      6.0     90.0     95.0
      41      35.0       35.0       0.0          0.0     230.0        0.0     -4.0     15.0     80.0    100.0
