RANGE
4265.9
NUMBER     CAPACITY      CAPACITY      beta      flight              sl              F
    40        200                20         3.1125          30            2400.0      30.0


CUSTOMER
CUST NO. XCOORD. YCOORD. DEMAND READY TIME DUE DATE SERVICE TIME TL (°„C) TU (°„C) HL (%) HU (%)
       0      35.0       35.0       0.0          0.0     230.0        0.0     -4.0     15.0     80.0    100.0
       1      55.0       45.0      13.0          0.0     197.0       10.0      5.0      5.0     85.0     90.0
       2      15.0       30.0      26.0          0.0     199.0       10.0      7.0     10.0     85.0     95.0
       3      20.0       50.0       5.0          0.0     198.0       10.0      4.0      9.0     85.0     90.0
       4      10.0       43.0       9.0         95.0     105.0       10.0      2.0      5.0     85.0     90.0
       5      55.0       60.0      16.0         97.0     107.0       10.0      3.0      5.0     85.0     90.0
       6      30.0       60.0      16.0        124.0     134.0       10.0     -2.0      1.0     90.0     95.0
       7      20.0       65.0      12.0         67.0      77.0       10.0     -2.0      1.0     90.0     95.0
       8      50.0       35.0      19.0          0.0     205.0       10.0      2.0      4.0     85.0     95.0
       9      20.0       40.0      12.0          0.0     204.0       10.0      4.0      5.0     85.0     95.0
      10      55.0        5.0      29.0         68.0      78.0       10.0      4.0      9.0     85.0     90.0
      11      65.0       35.0       3.0          0.0     190.0       10.0      2.0      4.0     85.0     95.0
      12      65.0       20.0       6.0        172.0     182.0       10.0     10.0     12.0     85.0     95.0
      13      64.0       42.0       9.0          0.0     190.0       10.0      0.0      2.0     85.0     90.0
      14      65.0       55.0      14.0          0.0     183.0       10.0      2.0      4.0     85.0     95.0
      15       2.0       60.0       5.0         41.0      51.0       10.0      4.0      9.0     85.0     90.0
      16      20.0       20.0       8.0          0.0     198.0       10.0      0.0      0.0     90.0     95.0
      17      24.0       12.0       5.0         31.0      41.0       10.0      4.0      5.0     85.0     95.0
      18      23.0        3.0       7.0          0.0     185.0       10.0     -1.0      0.0     85.0     90.0
      19       6.0       38.0      16.0         32.0      42.0       10.0     -2.0      1.0     90.0     95.0
      20       8.0       56.0      27.0          0.0     185.0       10.0     10.0     10.0     85.0     95.0
      21      53.0       12.0       6.0        130.0     140.0       10.0      4.0      6.0     90.0     95.0
      22      36.0       26.0      18.0        200.0     210.0       10.0     -1.0      0.0     85.0     90.0
      23      17.0       34.0       3.0          0.0     201.0       10.0      0.0      2.0     85.0     90.0
      24      12.0       24.0      13.0          0.0     194.0       10.0     -1.0      7.0     80.0     85.0
      25      24.0       58.0      19.0         58.0      68.0       10.0      2.0      4.0     85.0     95.0
      26      27.0       69.0      10.0          0.0     185.0       10.0      1.0      1.0     95.0     96.0
      27      15.0       77.0       9.0         73.0      83.0       10.0     13.0     15.0     85.0     95.0
      28      62.0       77.0      20.0         51.0      61.0       10.0     -1.0      7.0     80.0     85.0
      29      56.0       39.0      36.0        142.0     152.0       10.0     13.0     15.0     85.0     95.0
      30      47.0       16.0      25.0          0.0     197.0       10.0     11.0     13.0     85.0     90.0
      31      49.0       11.0      18.0          0.0     192.0       10.0      4.0      9.0     85.0     90.0
      32      53.0       43.0      14.0        179.0     189.0       10.0      8.0     10.0     85.0     95.0
      33      56.0       37.0       6.0        182.0     192.0       10.0      1.0      5.0     85.0     91.0
      34      15.0       47.0      16.0          0.0     196.0       10.0      3.0      5.0     85.0     90.0
      35      11.0       31.0       7.0        101.0     111.0       10.0     -1.0      0.0     90.0     95.0
      36      16.0       22.0      41.0          0.0     196.0       10.0     -1.0      7.0     80.0     85.0
      37      26.0       52.0       9.0         74.0      84.0       10.0     -1.0      7.0     80.0     85.0
      38      26.0       35.0      15.0          0.0     211.0       10.0      0.0      3.0     85.0     91.0
      39      15.0       19.0       1.0          0.0     194.0       10.0      2.0      4.0     85.0     95.0
      40      20.0       26.0       9.0         83.0      93.0       10.0     11.0     13.0     85.0     90.0
      41      35.0       35.0       0.0          0.0     230.0        0.0     -4.0     15.0     80.0    100.0
