RANGE
4265.9
NUMBER     CAPACITY      CAPACITY      beta      flight              sl              F
    40        200                20         3.1125          30            2400.0      30.0


CUSTOMER
CUST NO. XCOORD. YCOORD. DEMAND READY TIME DUE DATE SERVICE TIME TL (°„C) TU (°„C) HL (%) HU (%)
       0      35.0       35.0       0.0          0.0    1000.0        0.0     -4.0     15.0     80.0    100.0
       1      15.0       30.0      26.0          0.0     969.0       10.0     -1.0      0.0     90.0     90.0
       2      55.0       60.0      16.0        329.0     569.0       10.0      0.0      0.0     90.0     95.0
       3      30.0       60.0      16.0        485.0     725.0       10.0     -1.0      0.0     85.0     90.0
       4      50.0       35.0      19.0          0.0     975.0       10.0     13.0     15.0     85.0     95.0
       5      30.0        5.0       8.0        118.0     358.0       10.0      3.0      5.0     85.0     90.0
       6      10.0       20.0      19.0        203.0     443.0       10.0     -4.0      1.0     85.0     90.0
       7      20.0       40.0      12.0        286.0     526.0       10.0      0.0      2.0     85.0     90.0
       8      45.0       65.0       9.0        504.0     744.0       10.0      5.0      5.0     85.0     90.0
       9      45.0       20.0      11.0          0.0     971.0       10.0     -1.0      0.0     90.0     90.0
      10      65.0       35.0       3.0        656.0     896.0       10.0     10.0     10.0     85.0     95.0
      11      65.0       20.0       6.0        716.0     956.0       10.0      4.0      9.0     85.0     90.0
      12      41.0       37.0      16.0         65.0     305.0       10.0     10.0     12.0     85.0     95.0
      13      35.0       69.0      23.0        599.0     839.0       10.0      0.0      0.0     95.0    100.0
      14      53.0       52.0      11.0         24.0     264.0       10.0      1.0      5.0     85.0     91.0
      15      63.0       65.0       8.0        630.0     870.0       10.0     10.0     10.0     85.0     95.0
      16       2.0       60.0       5.0         41.0     281.0       10.0      0.0      2.0     85.0     90.0
      17       5.0        5.0      16.0        234.0     474.0       10.0     10.0     12.0     85.0     95.0
      18      40.0       25.0       9.0        279.0     519.0       10.0     13.0     15.0     85.0     95.0
      19      42.0        7.0       5.0        334.0     574.0       10.0     -1.0      0.0     90.0     90.0
      20      13.0       52.0      36.0          0.0     962.0       10.0     10.0     10.0     85.0     95.0
      21      63.0       23.0       2.0        560.0     800.0       10.0      7.0     10.0     85.0     95.0
      22      21.0       24.0      28.0          0.0     972.0       10.0     -1.0      0.0     90.0     95.0
      23      24.0       58.0      19.0        113.0     353.0       10.0      0.0      2.0     90.0     95.0
      24      15.0       77.0       9.0        154.0     394.0       10.0     13.0     14.0     90.0     95.0
      25      37.0       47.0       6.0        108.0     348.0       10.0      0.0      2.0     90.0     95.0
      26      37.0       56.0       5.0        728.0     968.0       10.0      1.0      1.0     95.0     96.0
      27      49.0       11.0      18.0          0.0     962.0       10.0      1.0      5.0     85.0     91.0
      28      49.0       42.0      13.0        212.0     452.0       10.0     -1.0      7.0     80.0     85.0
      29      53.0       43.0      14.0        730.0     970.0       10.0      0.0      1.0     90.0     95.0
      30      61.0       52.0       3.0        322.0     562.0       10.0      2.0      4.0     85.0     95.0
      31      57.0       48.0      23.0        307.0     547.0       10.0      0.0      1.0     90.0     95.0
      32      56.0       37.0       6.0        728.0     968.0       10.0      0.0      0.0     90.0     95.0
      33      15.0       47.0      16.0          0.0     966.0       10.0      1.0      1.0     95.0     96.0
      34      16.0       22.0      41.0          0.0     966.0       10.0      1.0      5.0     85.0     91.0
      35      26.0       35.0      15.0        718.0     958.0       10.0      0.0      1.0     90.0     95.0
      36      22.0       22.0       2.0         18.0     258.0       10.0      1.0      5.0     85.0     91.0
      37      26.0       27.0      27.0          0.0     977.0       10.0      5.0      5.0     85.0     90.0
      38      25.0       24.0      20.0          0.0     975.0       10.0      1.0      5.0     85.0     91.0
      39      20.0       26.0       9.0        263.0     503.0       10.0      4.0      6.0     90.0     95.0
      40      18.0       18.0      17.0        725.0     965.0       10.0     13.0     14.0     90.0     95.0
      41      35.0       35.0       0.0          0.0    1000.0        0.0     -4.0     15.0     80.0    100.0
