RANGE
4265.9
NUMBER     CAPACITY      CAPACITY      beta      flight              sl              F
    40        200                20         3.1125          30            2400.0      30.0


CUSTOMER
CUST NO. XCOORD. YCOORD. DEMAND READY TIME DUE DATE SERVICE TIME TL (°„C) TU (°„C) HL (%) HU (%)
       0      35.0       35.0       0.0          0.0    1000.0        0.0     -4.0     15.0     80.0    100.0
       1      35.0       17.0       7.0          0.0     972.0       10.0      0.0      0.0     90.0     95.0
       2      15.0       30.0      26.0          0.0     969.0       10.0     -4.0      1.0     85.0     90.0
       3      10.0       43.0       9.0        323.0     563.0       10.0      2.0      4.0     85.0     95.0
       4      20.0       65.0      12.0        146.0     386.0       10.0      0.0      3.0     85.0     91.0
       5      15.0       10.0      20.0          0.0     957.0       10.0      2.0      5.0     85.0     90.0
       6      30.0        5.0       8.0        118.0     358.0       10.0     -2.0      1.0     90.0     95.0
       7       5.0       30.0       2.0          0.0     959.0       10.0      5.0      5.0     90.0     90.0
       8      65.0       35.0       3.0          0.0     960.0       10.0      8.0     10.0     85.0     95.0
       9      65.0       20.0       6.0        716.0     956.0       10.0      3.0      5.0     85.0     90.0
      10      45.0       30.0      17.0          0.0     978.0       10.0      0.0      2.0     90.0     95.0
      11      41.0       37.0      16.0          0.0     983.0       10.0      1.0      1.0     95.0     96.0
      12      31.0       52.0      27.0          0.0     972.0       10.0     10.0     12.0     85.0     95.0
      13       2.0       60.0       5.0          0.0     948.0       10.0      0.0      1.0     90.0     95.0
      14      60.0       12.0      31.0          0.0     956.0       10.0      5.0      5.0     90.0     90.0
      15      42.0        7.0       5.0          0.0     961.0       10.0      0.0      1.0     90.0     95.0
      16      24.0       12.0       5.0          0.0     964.0       10.0     10.0     12.0     85.0     95.0
      17      23.0        3.0       7.0          0.0     955.0       10.0     11.0     13.0     85.0     90.0
      18       6.0       38.0      16.0          0.0     960.0       10.0      0.0      1.0     80.0     85.0
      19       6.0       68.0      30.0          0.0     946.0       10.0      4.0      9.0     85.0     90.0
      20      47.0       47.0      13.0          0.0     973.0       10.0      2.0      5.0     85.0     90.0
      21      63.0       23.0       2.0        560.0     800.0       10.0      0.0      2.0     85.0     90.0
      22      36.0       26.0      18.0        740.0     980.0       10.0      4.0      9.0     85.0     90.0
      23      27.0       69.0      10.0          0.0     955.0       10.0     11.0     13.0     85.0     90.0
      24      49.0       73.0      25.0          0.0     949.0       10.0      0.0      1.0     80.0     85.0
      25      56.0       39.0      36.0          0.0     968.0       10.0      4.0      5.0     85.0     95.0
      26      37.0       47.0       6.0        108.0     348.0       10.0      0.0      0.0     95.0    100.0
      27      57.0       68.0      15.0          0.0     950.0       10.0      0.0      1.0     90.0     95.0
      28      47.0       16.0      25.0          0.0     967.0       10.0      5.0      5.0     90.0     90.0
      29      44.0       17.0       9.0          0.0     969.0       10.0      0.0      3.0     85.0     91.0
      30      49.0       11.0      18.0          0.0     962.0       10.0      1.0      1.0     95.0     96.0
      31      16.0       22.0      41.0          0.0     966.0       10.0      4.0      9.0     85.0     90.0
      32      28.0       18.0      26.0        314.0     554.0       10.0     -1.0      0.0     90.0     95.0
      33      26.0       35.0      15.0          0.0     981.0       10.0     -1.0      7.0     80.0     85.0
      34      15.0       19.0       1.0          0.0     964.0       10.0      2.0      4.0     85.0     95.0
      35      22.0       22.0       2.0         18.0     258.0       10.0      5.0      5.0     90.0     90.0
      36      26.0       27.0      27.0          0.0     977.0       10.0      4.0      9.0     85.0     90.0
      37      22.0       27.0      11.0          0.0     974.0       10.0      0.0      0.0     95.0    100.0
      38      25.0       21.0      12.0          0.0     972.0       10.0      3.0      5.0     85.0     90.0
      39      19.0       21.0      10.0          0.0     968.0       10.0      2.0      5.0     85.0     90.0
      40      20.0       26.0       9.0        263.0     503.0       10.0      8.0     10.0     85.0     95.0
      41      35.0       35.0       0.0          0.0    1000.0        0.0     -4.0     15.0     80.0    100.0
