RANGE
4265.9
NUMBER     CAPACITY      CAPACITY      beta      flight              sl              F
    40        200                20         3.1125          30            2400.0      30.0


CUSTOMER
CUST NO. XCOORD. YCOORD. DEMAND READY TIME DUE DATE SERVICE TIME TL (°„C) TU (°„C) HL (%) HU (%)
       0      40.0       50.0       0.0          0.0     240.0        0.0     -4.0     15.0     80.0    100.0
       1      22.0       75.0      30.0          0.0     199.0       10.0      4.0      6.0     90.0     95.0
       2      22.0       85.0      10.0          0.0     190.0       10.0      8.0     10.0     85.0     95.0
       3      15.0       80.0      10.0         91.0     121.0       10.0      4.0      6.0     90.0     95.0
       4      10.0       35.0      20.0         91.0     121.0       10.0      2.0      4.0     85.0     95.0
       5      10.0       40.0      30.0        119.0     149.0       10.0     -2.0      1.0     90.0     95.0
       6       8.0       40.0      40.0         59.0      89.0       10.0     -1.0      0.0     90.0     90.0
       7       8.0       45.0      20.0          0.0     197.0       10.0      2.0      4.0     85.0     95.0
       8       5.0       35.0      10.0        142.0     172.0       10.0      0.0      2.0     85.0     90.0
       9      44.0        5.0      20.0         87.0     117.0       10.0      0.0      0.0     90.0     95.0
      10      42.0       10.0      40.0         72.0     102.0       10.0     10.0     10.0     85.0     95.0
      11      40.0       15.0      40.0         92.0     122.0       10.0     10.0     10.0     85.0     95.0
      12      38.0        5.0      30.0         65.0      95.0       10.0     -2.0      1.0     90.0     95.0
      13      38.0       15.0      10.0        148.0     178.0       10.0     -4.0      1.0     85.0     90.0
      14      95.0       30.0      30.0          0.0     171.0       10.0      2.0      5.0     85.0     90.0
      15      88.0       30.0      10.0         74.0     104.0       10.0      2.0      4.0     85.0     95.0
      16      88.0       35.0      20.0          0.0     179.0       10.0     -1.0      0.0     90.0     90.0
      17      65.0       85.0      40.0         43.0      73.0       10.0      4.0      5.0     85.0     95.0
      18      60.0       80.0      10.0         37.0      67.0       10.0      0.0      0.0     95.0    100.0
      19      60.0       85.0      30.0         85.0     115.0       10.0     11.0     13.0     85.0     90.0
      20      58.0       75.0      20.0         92.0     122.0       10.0      0.0      1.0     90.0     95.0
      21      55.0       82.0      10.0         64.0      94.0       10.0     10.0     10.0     85.0     95.0
      22       2.0       45.0      10.0         45.0      75.0       10.0      3.0      5.0     85.0     90.0
      23      25.0       30.0       3.0          0.0     205.0       10.0     11.0     13.0     85.0     90.0
      24      30.0       60.0      16.0        140.0     170.0       10.0     11.0     13.0     85.0     90.0
      25      15.0       10.0      20.0        152.0     182.0       10.0      0.0      2.0     85.0     90.0
      26      10.0       20.0      19.0          0.0     187.0       10.0     -1.0      0.0     90.0     90.0
      27      45.0       30.0      17.0         53.0      83.0       10.0     13.0     15.0     85.0     95.0
      28      35.0       40.0      16.0         11.0      41.0       10.0     -4.0      1.0     85.0     90.0
      29      64.0       42.0       9.0         70.0     100.0       10.0      8.0     10.0     85.0     95.0
      30      65.0       55.0      14.0         65.0      95.0       10.0      0.0      1.0     80.0     85.0
      31       2.0       60.0       5.0         77.0     107.0       10.0      4.0      6.0     90.0     95.0
      32       8.0       56.0      27.0         90.0     120.0       10.0     10.0     12.0     85.0     95.0
      33      27.0       43.0       9.0          0.0     215.0       10.0     -1.0      7.0     80.0     85.0
      34      63.0       23.0       2.0          0.0     194.0       10.0      0.0      2.0     90.0     95.0
      35      24.0       58.0      19.0         67.0      97.0       10.0      0.0      2.0     85.0     90.0
      36      53.0       43.0      14.0         14.0      44.0       10.0     -1.0      0.0     90.0     95.0
      37      55.0       54.0      26.0          0.0     214.0       10.0      7.0     10.0     85.0     95.0
      38       4.0       18.0      35.0        120.0     150.0       10.0     13.0     14.0     90.0     95.0
      39      26.0       35.0      15.0         77.0     107.0       10.0     -1.0      0.0     90.0     90.0
      40      31.0       67.0       3.0        180.0     210.0       10.0     -4.0      1.0     85.0     90.0
      41      40.0       50.0       0.0          0.0     240.0        0.0     -4.0     15.0     80.0    100.0
