RANGE
4265.9
NUMBER     CAPACITY      CAPACITY      beta      flight              sl              F
    35        200                20         3.1125          30            2400.0      30.0


CUSTOMER
CUST NO. XCOORD. YCOORD. DEMAND READY TIME DUE DATE SERVICE TIME TL (°„C) TU (°„C) HL (%) HU (%)
       0      40.0       50.0       0.0          0.0    1236.0        0.0     -4.0     15.0     80.0    100.0
       1      40.0       69.0      20.0        482.0     842.0       90.0     -4.0      1.0     85.0     90.0
       2      40.0       66.0      20.0         18.0     378.0       90.0      1.0      5.0     85.0     91.0
       3      35.0       69.0      10.0        297.0     657.0       90.0     13.0     14.0     90.0     95.0
       4      18.0       75.0      20.0         33.0     393.0       90.0     -1.0      0.0     90.0     90.0
       5      15.0       80.0      10.0        132.0     492.0       90.0      0.0      0.0     95.0    100.0
       6      28.0       52.0      20.0        668.0    1028.0       90.0      5.0      5.0     85.0     90.0
       7      25.0       50.0      10.0         15.0     375.0       90.0      0.0      0.0     95.0    100.0
       8      20.0       50.0      10.0        202.0     562.0       90.0      4.0      6.0     90.0     95.0
       9      20.0       55.0      10.0        297.0     657.0       90.0      5.0      5.0     85.0     90.0
      10       0.0       40.0      30.0        321.0     681.0       90.0     -1.0      0.0     90.0     95.0
      11      30.0       32.0      30.0        299.0     659.0       90.0      0.0      1.0     80.0     85.0
      12      28.0       35.0      10.0        766.0    1126.0       90.0      5.0      5.0     85.0     90.0
      13      26.0       32.0      10.0        668.0    1028.0       90.0     -4.0      1.0     85.0     90.0
      14      42.0       15.0      10.0         35.0     395.0       90.0     -1.0      0.0     90.0     90.0
      15      40.0       15.0      40.0         35.0     395.0       90.0      1.0      1.0     95.0     96.0
      16      50.0       40.0      50.0         15.0     375.0       90.0      2.0      4.0     85.0     95.0
      17      48.0       40.0      10.0         12.0     372.0       90.0      4.0      9.0     85.0     90.0
      18      47.0       35.0      10.0        671.0    1031.0       90.0      0.0      2.0     90.0     95.0
      19      47.0       40.0      10.0         12.0     372.0       90.0     -1.0      7.0     80.0     85.0
      20      45.0       30.0      10.0        576.0     936.0       90.0      2.0      4.0     85.0     95.0
      21      95.0       30.0      30.0        242.0     602.0       90.0     -1.0      7.0     80.0     85.0
      22      95.0       35.0      20.0        147.0     507.0       90.0      0.0      1.0     80.0     85.0
      23      92.0       30.0      10.0        335.0     695.0       90.0      8.0     10.0     85.0     95.0
      24      45.0       65.0      20.0        770.0    1130.0       90.0      0.0      3.0     85.0     91.0
      25      88.0       30.0      10.0        429.0     789.0       90.0      0.0      1.0     80.0     85.0
      26      88.0       35.0      20.0         50.0     410.0       90.0      7.0     10.0     85.0     95.0
      27      87.0       30.0      10.0        520.0     880.0       90.0      0.0      0.0     90.0     95.0
      28      85.0       25.0      10.0        615.0     975.0       90.0      3.0      5.0     85.0     90.0
      29      68.0       60.0      30.0        404.0     764.0       90.0     13.0     15.0     85.0     95.0
      30      65.0       55.0      20.0         25.0     385.0       90.0     -1.0      0.0     85.0     90.0
      31      65.0       60.0      30.0        497.0     857.0       90.0      0.0      0.0     95.0    100.0
      32      60.0       60.0      10.0        683.0    1043.0       90.0     -4.0      1.0     85.0     90.0
      33      67.0       85.0      20.0        225.0     585.0       90.0      8.0     10.0     85.0     95.0
      34      58.0       75.0      20.0         30.0     390.0       90.0      0.0      2.0     90.0     95.0
      35      55.0       85.0      20.0        507.0     867.0       90.0      4.0      5.0     85.0     95.0
      36      40.0       50.0       0.0          0.0    1236.0        0.0     -4.0     15.0     80.0    100.0
