RANGE
4265.9
NUMBER     CAPACITY      CAPACITY      beta      flight              sl              F
    35        200                20         3.1125          30            2400.0      30.0


CUSTOMER
CUST NO. XCOORD. YCOORD. DEMAND READY TIME DUE DATE SERVICE TIME TL (°„C) TU (°„C) HL (%) HU (%)
       0      40.0       50.0       0.0          0.0     240.0        0.0     -4.0     15.0     80.0    100.0
       1      22.0       75.0      30.0          0.0     199.0       10.0      4.0      6.0     90.0     95.0
       2      18.0       75.0      20.0         95.0     125.0       10.0      0.0      1.0     80.0     85.0
       3      10.0       40.0      30.0        119.0     149.0       10.0     -2.0      1.0     90.0     95.0
       4       8.0       40.0      40.0         59.0      89.0       10.0     -1.0      0.0     90.0     90.0
       5       5.0       45.0      10.0         35.0      65.0       10.0     11.0     13.0     85.0     90.0
       6       2.0       40.0      20.0         58.0      88.0       10.0     -1.0      0.0     90.0     95.0
       7      42.0       15.0      10.0        122.0     152.0       10.0      8.0     10.0     85.0     95.0
       8      88.0       30.0      10.0         74.0     104.0       10.0      2.0      4.0     85.0     95.0
       9      87.0       30.0      10.0        131.0     161.0       10.0      8.0     10.0     85.0     95.0
      10      65.0       85.0      40.0         43.0      73.0       10.0      4.0      5.0     85.0     95.0
      11      65.0       82.0      10.0          0.0     189.0       10.0      0.0      2.0     90.0     95.0
      12      58.0       75.0      20.0         92.0     122.0       10.0      0.0      1.0     90.0     95.0
      13       2.0       45.0      10.0         45.0      75.0       10.0      3.0      5.0     85.0     90.0
      14      72.0       35.0      30.0          0.0     194.0       10.0      0.0      3.0     85.0     91.0
      15      20.0       50.0       5.0         91.0     121.0       10.0     10.0     10.0     85.0     95.0
      16      55.0       60.0      16.0        139.0     169.0       10.0      5.0      5.0     90.0     90.0
      17      30.0       60.0      16.0        140.0     170.0       10.0     11.0     13.0     85.0     90.0
      18      30.0       25.0      23.0         96.0     126.0       10.0     10.0     10.0     85.0     95.0
      19      10.0       20.0      19.0          0.0     187.0       10.0     -1.0      0.0     90.0     90.0
      20      65.0       35.0       3.0         52.0      82.0       10.0      4.0      9.0     85.0     90.0
      21      35.0       40.0      16.0         11.0      41.0       10.0     -4.0      1.0     85.0     90.0
      22      41.0       37.0      16.0        133.0     163.0       10.0     11.0     13.0     85.0     90.0
      23      40.0       60.0      21.0        144.0     174.0       10.0      7.0     10.0     85.0     95.0
      24      35.0       69.0      23.0        180.0     210.0       10.0     -4.0      1.0     85.0     90.0
      25      63.0       65.0       8.0          0.0     202.0       10.0     13.0     15.0     85.0     95.0
      26      20.0       20.0       8.0        141.0     171.0       10.0      0.0      0.0     95.0    100.0
      27      60.0       12.0      31.0         75.0     105.0       10.0     -2.0      1.0     90.0     95.0
      28      23.0        3.0       7.0        150.0     180.0       10.0     10.0     10.0     85.0     95.0
      29      27.0       43.0       9.0          0.0     215.0       10.0     -1.0      7.0     80.0     85.0
      30      12.0       24.0      13.0         90.0     120.0       10.0      0.0      1.0     90.0     95.0
      31      67.0        5.0      25.0        144.0     174.0       10.0     -2.0      1.0     90.0     95.0
      32      53.0       43.0      14.0         14.0      44.0       10.0     -1.0      0.0     90.0     95.0
      33      57.0       48.0      23.0          0.0     212.0       10.0      0.0      3.0     85.0     91.0
      34      56.0       37.0       6.0          0.0     209.0       10.0     -2.0      1.0     90.0     95.0
      35       4.0       18.0      35.0        120.0     150.0       10.0     13.0     14.0     90.0     95.0
      36      40.0       50.0       0.0          0.0     240.0        0.0     -4.0     15.0     80.0    100.0
