RANGE
4265.9
NUMBER     CAPACITY      CAPACITY      beta      flight              sl              F
    35        200                20         3.1125          30            2400.0      30.0


CUSTOMER
CUST NO. XCOORD. YCOORD. DEMAND READY TIME DUE DATE SERVICE TIME TL (°„C) TU (°„C) HL (%) HU (%)
       0      35.0       35.0       0.0          0.0    1000.0        0.0     -4.0     15.0     80.0    100.0
       1      15.0       30.0      26.0          0.0     969.0       10.0     -1.0      0.0     90.0     90.0
       2      10.0       43.0       9.0        323.0     563.0       10.0      0.0      3.0     85.0     91.0
       3      20.0       65.0      12.0        146.0     386.0       10.0     13.0     14.0     90.0     95.0
       4      15.0       10.0      20.0         32.0     272.0       10.0      0.0      2.0     90.0     95.0
       5      30.0        5.0       8.0        118.0     358.0       10.0      3.0      5.0     85.0     90.0
       6       5.0       30.0       2.0        682.0     922.0       10.0      5.0      5.0     90.0     90.0
       7      65.0       35.0       3.0        656.0     896.0       10.0     10.0     10.0     85.0     95.0
       8      65.0       20.0       6.0        716.0     956.0       10.0      4.0      9.0     85.0     90.0
       9      45.0       30.0      17.0          0.0     978.0       10.0      1.0      1.0     95.0     96.0
      10      41.0       37.0      16.0         65.0     305.0       10.0     10.0     12.0     85.0     95.0
      11      31.0       52.0      27.0          0.0     972.0       10.0      0.0      1.0     80.0     85.0
      12       2.0       60.0       5.0         41.0     281.0       10.0      0.0      2.0     85.0     90.0
      13      60.0       12.0      31.0         33.0     273.0       10.0      0.0      1.0     90.0     95.0
      14      42.0        7.0       5.0        334.0     574.0       10.0     -1.0      0.0     90.0     90.0
      15      24.0       12.0       5.0         25.0     265.0       10.0      1.0      1.0     95.0     96.0
      16      23.0        3.0       7.0        543.0     783.0       10.0      4.0      9.0     85.0     90.0
      17       6.0       38.0      16.0         29.0     269.0       10.0      0.0      0.0     95.0    100.0
      18       6.0       68.0      30.0        401.0     641.0       10.0     -2.0      1.0     90.0     95.0
      19      47.0       47.0      13.0          0.0     973.0       10.0      4.0      5.0     85.0     95.0
      20      63.0       23.0       2.0        560.0     800.0       10.0      7.0     10.0     85.0     95.0
      21      36.0       26.0      18.0        740.0     980.0       10.0      4.0      5.0     85.0     95.0
      22      49.0       73.0      25.0        523.0     763.0       10.0      2.0      5.0     85.0     90.0
      23      37.0       47.0       6.0        108.0     348.0       10.0      0.0      2.0     90.0     95.0
      24      47.0       16.0      25.0          0.0     967.0       10.0      5.0      5.0     85.0     90.0
      25      44.0       17.0       9.0        234.0     474.0       10.0      0.0      1.0     80.0     85.0
      26      16.0       22.0      41.0          0.0     966.0       10.0      1.0      5.0     85.0     91.0
      27      28.0       18.0      26.0        314.0     554.0       10.0      2.0      4.0     85.0     95.0
      28      26.0       35.0      15.0        718.0     958.0       10.0      0.0      1.0     90.0     95.0
      29      15.0       19.0       1.0          0.0     964.0       10.0      2.0      4.0     85.0     95.0
      30      22.0       22.0       2.0         18.0     258.0       10.0      1.0      5.0     85.0     91.0
      31      26.0       27.0      27.0          0.0     977.0       10.0      5.0      5.0     85.0     90.0
      32      22.0       27.0      11.0          0.0     974.0       10.0      5.0      5.0     85.0     90.0
      33      25.0       21.0      12.0        523.0     763.0       10.0      0.0      0.0     95.0    100.0
      34      19.0       21.0      10.0          0.0     968.0       10.0      7.0     10.0     85.0     95.0
      35      20.0       26.0       9.0        263.0     503.0       10.0      4.0      6.0     90.0     95.0
      36      35.0       35.0       0.0          0.0    1000.0        0.0     -4.0     15.0     80.0    100.0
