RANGE
4265.95
NUMBER     CAPACITY      CAPACITY      beta      flight              sl              F
35     200                20                3.1125               30            2400              30


CUSTOMER
CUST NO.  XCOORD.   YCOORD.    DEMAND   READY TIME  DUE DATE   SERVICE   TIME   TL (°C)   TU (°C)   HL (%)   HU (%)   LAUNCH TIME
   0      40         50             0           0        1236          0           -4         15         80         100         
   1      42         65            10           0        1130         90            7         10         85          95       
   2      38         70            10         534         605         90            2          4         85          95       
   3      35         66            10         357         410         90            7         10         85          95          
   4      20         80            40         384         429         90            1          1         95          96       
   5     20         85            40           0        1105         90            0          3         85          91       
   6     15         75            20           0        1110         90            0          2         90          95         
   7      30         50            10           0        1136         90            3          5         85          90       
   8      30         52            20           0        1135         90           -1          0         90          90       
   9      25         50            10           0        1131         90            4          9         85          90       
  10      25         52            40         169         224         90           -4          1         85          90       
  11      10         40            30           0        1114         90            4          6         90          95       
  12       8         40            40          87         158         90           13         15         85          95       
  13       5         45            10         665         716         90            1          5         85          91             
  14       0         40            30         479         522         90           -1          0         90          95       
  15      35         30            10         264         321         90            4          6         90          95       
  16      35         32            10         166         235         90           11         13         85          90        
  17      28         30            10           0        1122         90            0          0         95         100          
  18      42         15            10          95         158         90            5          5         85          90         
  19      38         15            10           0        1110         90           10         12         85          95       
  20      50         35            20         262         317         90           10         12         85          95       
  21      48         30            10         632         693         90           -4          1         85          90       
  22      45         35            10         916         969         90            8         10         85          95       
  23      95         30            30         387         456         90            0          3         85          91           
  24      45         65            20           0        1130         90            0          3         85          91       
  25     90         35            10         203         260         90           10         12         85          95       
  26     88         30            10         574         643         90            1          1         95          96       
  27      88         35            20         109         170         90            0          3         85          91       
  28      87         30            10         668         731         90            1          5         85          91       
  29      85         25            10         769         820         90           13         14         90          95          
  30      75         55            20           0        1110         90            0          0         95         100         
  31      68         60            30           0        1116         90           11         13         85          90            
  32      67         85            20         368         441         90           -1          0         90          95       
  33      65         82            10           0        1105         90            0          2         90          95       
  34      62         80            30           0        1108         90           10         10         85          95       
  35      55         85            20         647         726         90            0          3         85          91       
   0      40         50             0           0        1236          0           -4         15         80         100         