RANGE
4265.9
NUMBER     CAPACITY      CAPACITY      beta      flight              sl              F
    35        200                20         3.1125          30            2400.0      30.0


CUSTOMER
CUST NO. XCOORD. YCOORD. DEMAND READY TIME DUE DATE SERVICE TIME TL (°„C) TU (°„C) HL (%) HU (%)
       0      40.0       50.0       0.0          0.0    3390.0        0.0     -4.0     15.0     80.0    100.0
       1      60.0       66.0      10.0       1247.0    1434.0       90.0      0.0      2.0     90.0     95.0
       2      16.0       42.0      20.0        209.0     944.0       90.0      7.0     10.0     85.0     95.0
       3      35.0       66.0      10.0       2311.0    3283.0       90.0      0.0      0.0     90.0     95.0
       4      35.0       69.0      10.0       2428.0    3127.0       90.0      0.0      0.0     95.0    100.0
       5      25.0       85.0      20.0       1772.0    2625.0       90.0     -4.0      1.0     85.0     90.0
       6      22.0       85.0      10.0       1586.0    2625.0       90.0      5.0      5.0     85.0     90.0
       7      20.0       85.0      40.0       1512.0    2515.0       90.0      7.0     10.0     85.0     95.0
       8      18.0       75.0      20.0       1895.0    2886.0       90.0     -1.0      0.0     90.0     95.0
       9      25.0       50.0      10.0         15.0     532.0       90.0      1.0      5.0     85.0     91.0
      10       8.0       62.0      10.0       1036.0    2213.0       90.0      3.0      5.0     85.0     90.0
      11       4.0       55.0      20.0       1010.0    2043.0       90.0      0.0      0.0     90.0     95.0
      12      20.0       50.0      10.0         20.0     948.0       90.0     10.0     10.0     85.0     95.0
      13      20.0       55.0      10.0         63.0     702.0       90.0     -1.0      7.0     80.0     85.0
      14      10.0       40.0      30.0        336.0    1009.0       90.0     10.0     10.0     85.0     95.0
      15       0.0       40.0      30.0        637.0    1648.0       90.0      5.0      5.0     85.0     90.0
      16      32.0       20.0      10.0       1621.0    2364.0       90.0      1.0      1.0     95.0     96.0
      17      36.0       40.0      10.0       2605.0    3266.0       90.0     -4.0      1.0     85.0     90.0
      18      48.0       20.0      10.0        812.0    1281.0       90.0      5.0      5.0     85.0     90.0
      19      44.0        5.0      20.0       1078.0    1593.0       90.0      4.0      9.0     85.0     90.0
      20      42.0       10.0      40.0        998.0    1481.0       90.0     -1.0      0.0     90.0     90.0
      21      38.0       10.0      10.0       1392.0    2027.0       90.0     13.0     14.0     90.0     95.0
      22      35.0        5.0      20.0       1180.0    2049.0       90.0      0.0      1.0     90.0     95.0
      23      50.0       40.0      50.0         14.0     360.0       90.0      4.0      9.0     85.0     90.0
      24      47.0       40.0      10.0         12.0     424.0       90.0     -2.0      1.0     90.0     95.0
      25      45.0       65.0      20.0         49.0     346.0       90.0      2.0      4.0     85.0     95.0
      26      78.0       40.0      20.0       2599.0    3164.0       90.0     -1.0      0.0     90.0     95.0
      27      75.0       55.0      20.0       1894.0    2115.0       90.0      4.0      9.0     85.0     90.0
      28      72.0       55.0      10.0       1751.0    2072.0       90.0      8.0     10.0     85.0     95.0
      29      70.0       58.0      20.0       1617.0    1824.0       90.0      0.0      1.0     90.0     95.0
      30      56.0       64.0      10.0       1275.0    1594.0       90.0     13.0     15.0     85.0     95.0
      31      60.0       55.0      10.0       2789.0    3279.0       90.0      0.0      1.0     80.0     85.0
      32      60.0       60.0      10.0       1440.0    1621.0       90.0      3.0      5.0     85.0     90.0
      33      67.0       85.0      20.0        646.0     901.0       90.0      1.0      1.0     95.0     96.0
      34      42.0       58.0      40.0          8.0     258.0       90.0      5.0      5.0     85.0     90.0
      35      62.0       80.0      30.0        852.0    1069.0       90.0     13.0     14.0     90.0     95.0
      36      40.0       50.0       0.0          0.0    3390.0        0.0     -4.0     15.0     80.0    100.0
