RANGE
4265.9
NUMBER     CAPACITY      CAPACITY      beta      flight              sl              F
    35        200                20         3.1125          30            2400.0      30.0


CUSTOMER
CUST NO. XCOORD. YCOORD. DEMAND READY TIME DUE DATE SERVICE TIME TL (°„C) TU (°„C) HL (%) HU (%)
       0      40.0       50.0       0.0          0.0    1236.0        0.0     -4.0     15.0     80.0    100.0
       1      40.0       66.0      20.0        142.0     253.0       90.0     -1.0      0.0     90.0     90.0
       2      38.0       70.0      10.0        499.0     640.0       90.0     -1.0      0.0     85.0     90.0
       3      35.0       66.0      10.0        331.0     436.0       90.0      1.0      1.0     95.0     96.0
       4      25.0       85.0      20.0        617.0     756.0       90.0     -2.0      1.0     90.0     95.0
       5      30.0       52.0      20.0        888.0     991.0       90.0     10.0     10.0     85.0     95.0
       6      25.0       52.0      40.0        142.0     251.0       90.0      0.0      2.0     85.0     90.0
       7      23.0       52.0      10.0        234.0     343.0       90.0      0.0      3.0     85.0     91.0
       8      23.0       55.0      20.0        523.0     616.0       90.0      0.0      1.0     80.0     85.0
       9      20.0       50.0      10.0        335.0     428.0       90.0     -1.0      0.0     90.0     95.0
      10      10.0       35.0      20.0        181.0     256.0       90.0     -1.0      7.0     80.0     85.0
      11       8.0       40.0      40.0         52.0     193.0       90.0      5.0      5.0     90.0     90.0
      12       2.0       40.0      20.0        357.0     460.0       90.0      0.0      2.0     85.0     90.0
      13       0.0       45.0      20.0        538.0     653.0       90.0     13.0     15.0     85.0     95.0
      14      33.0       32.0      20.0         27.0     190.0       90.0     -1.0      0.0     85.0     90.0
      15      33.0       35.0      10.0         16.0     144.0       90.0     -4.0      1.0     85.0     90.0
      16      30.0       32.0      30.0        417.0     540.0       90.0      0.0      1.0     80.0     85.0
      17      30.0       35.0      10.0        982.0    1127.0       90.0     10.0     12.0     85.0     95.0
      18      25.0       35.0      10.0        883.0     998.0       90.0      4.0      9.0     85.0     90.0
      19      42.0       15.0      10.0         63.0     190.0       90.0      3.0      5.0     85.0     90.0
      20      40.0        5.0      30.0        359.0     462.0       90.0      0.0      1.0     80.0     85.0
      21      40.0       15.0      40.0         35.0     140.0       90.0      1.0      5.0     85.0     91.0
      22      35.0        5.0      20.0        529.0     662.0       90.0      5.0      5.0     85.0     90.0
      23      50.0       30.0      10.0        491.0     650.0       90.0      3.0      5.0     85.0     90.0
      24      50.0       40.0      50.0        147.0     242.0       90.0      4.0      6.0     90.0     95.0
      25      48.0       40.0      10.0         50.0     155.0       90.0     -1.0      0.0     90.0     95.0
      26      45.0       35.0      10.0        889.0     996.0       90.0      4.0      9.0     85.0     90.0
      27      95.0       30.0      30.0        353.0     490.0       90.0      3.0      5.0     85.0     90.0
      28      45.0       65.0      20.0        962.0    1103.0       90.0      0.0      1.0     90.0     95.0
      29      88.0       35.0      20.0         78.0     201.0       90.0     -1.0      0.0     90.0     95.0
      30      75.0       55.0      20.0        344.0     445.0       90.0      0.0      3.0     85.0     91.0
      31      68.0       60.0      30.0        527.0     640.0       90.0      0.0      2.0     90.0     95.0
      32      67.0       85.0      20.0        331.0     478.0       90.0      4.0      5.0     85.0     95.0
      33      65.0       82.0      10.0        260.0     361.0       90.0      4.0      5.0     85.0     95.0
      34      60.0       80.0      10.0         64.0     187.0       90.0     -4.0      1.0     85.0     90.0
      35      55.0       80.0      10.0        705.0     858.0       90.0      5.0      5.0     85.0     90.0
      36      40.0       50.0       0.0          0.0    1236.0        0.0     -4.0     15.0     80.0    100.0
