RANGE
4265.9
NUMBER     CAPACITY      CAPACITY      beta      flight              sl              F
    35        200                20         3.1125          30            2400.0      30.0


CUSTOMER
CUST NO. XCOORD. YCOORD. DEMAND READY TIME DUE DATE SERVICE TIME TL (°„C) TU (°„C) HL (%) HU (%)
       0      35.0       35.0       0.0          0.0     230.0        0.0     -4.0     15.0     80.0    100.0
       1      55.0       45.0      13.0        116.0     126.0       10.0      7.0     10.0     85.0     95.0
       2      15.0       30.0      26.0         34.0      44.0       10.0      0.0      0.0     90.0     95.0
       3      10.0       43.0       9.0         95.0     105.0       10.0      5.0      5.0     85.0     90.0
       4      55.0       60.0      16.0         97.0     107.0       10.0     -1.0      0.0     90.0     95.0
       5      30.0       60.0      16.0        124.0     134.0       10.0      8.0     10.0     85.0     95.0
       6      20.0       65.0      12.0         67.0      77.0       10.0      0.0      1.0     90.0     95.0
       7      20.0       40.0      12.0         87.0      97.0       10.0     10.0     12.0     85.0     95.0
       8      55.0        5.0      29.0         68.0      78.0       10.0      0.0      2.0     85.0     90.0
       9      65.0       35.0       3.0        153.0     163.0       10.0     -1.0      7.0     80.0     85.0
      10      65.0       20.0       6.0        172.0     182.0       10.0      7.0     10.0     85.0     95.0
      11      64.0       42.0       9.0         63.0      73.0       10.0      1.0      1.0     95.0     96.0
      12      65.0       55.0      14.0        117.0     127.0       10.0      0.0      1.0     80.0     85.0
      13       2.0       60.0       5.0         41.0      51.0       10.0      0.0      2.0     90.0     95.0
      14      20.0       20.0       8.0        134.0     144.0       10.0      4.0      5.0     85.0     95.0
      15      23.0        3.0       7.0        132.0     142.0       10.0     10.0     12.0     85.0     95.0
      16       6.0       38.0      16.0         32.0      42.0       10.0      2.0      5.0     85.0     90.0
      17       8.0       56.0      27.0         51.0      61.0       10.0      0.0      3.0     85.0     91.0
      18      53.0       12.0       6.0        130.0     140.0       10.0     13.0     15.0     85.0     95.0
      19      36.0       26.0      18.0        200.0     210.0       10.0      0.0      0.0     90.0     95.0
      20      17.0       34.0       3.0        162.0     172.0       10.0      2.0      4.0     85.0     95.0
      21      12.0       24.0      13.0         76.0      86.0       10.0      4.0      9.0     85.0     90.0
      22      24.0       58.0      19.0         58.0      68.0       10.0      8.0     10.0     85.0     95.0
      23      27.0       69.0      10.0         34.0      44.0       10.0      5.0      5.0     85.0     90.0
      24      15.0       77.0       9.0         73.0      83.0       10.0      0.0      3.0     85.0     91.0
      25      56.0       39.0      36.0        142.0     152.0       10.0      5.0      5.0     85.0     90.0
      26      47.0       16.0      25.0         35.0      45.0       10.0      0.0      1.0     90.0     95.0
      27      49.0       11.0      18.0         69.0      79.0       10.0      7.0     10.0     85.0     95.0
      28      56.0       37.0       6.0        182.0     192.0       10.0      4.0      5.0     85.0     95.0
      29      15.0       47.0      16.0         55.0      65.0       10.0     -1.0      0.0     90.0     90.0
      30      11.0       31.0       7.0        101.0     111.0       10.0     -2.0      1.0     90.0     95.0
      31      16.0       22.0      41.0         91.0     101.0       10.0      5.0      5.0     90.0     90.0
      32      26.0       52.0       9.0         74.0      84.0       10.0     10.0     10.0     85.0     95.0
      33      26.0       35.0      15.0        176.0     186.0       10.0     -1.0      0.0     90.0     95.0
      34      15.0       19.0       1.0        160.0     170.0       10.0     -1.0      0.0     90.0     95.0
      35      20.0       26.0       9.0         83.0      93.0       10.0      0.0      2.0     90.0     95.0
      36      35.0       35.0       0.0          0.0     230.0        0.0     -4.0     15.0     80.0    100.0
