RANGE
4265.9
NUMBER     CAPACITY      CAPACITY      beta      flight              sl              F
    35        200                20         3.1125          30            2400.0      30.0


CUSTOMER
CUST NO. XCOORD. YCOORD. DEMAND READY TIME DUE DATE SERVICE TIME TL (°„C) TU (°„C) HL (%) HU (%)
       0      40.0       50.0       0.0          0.0     960.0        0.0     -4.0     15.0     80.0    100.0
       1      22.0       85.0      10.0          0.0     910.0       10.0      4.0      5.0     85.0     95.0
       2      20.0       80.0      40.0        644.0     764.0       10.0      0.0      0.0     90.0     95.0
       3      10.0       35.0      20.0        371.0     491.0       10.0      8.0     10.0     85.0     95.0
       4      40.0        5.0      10.0          0.0     905.0       10.0      4.0      5.0     85.0     95.0
       5      40.0       15.0      40.0        375.0     495.0       10.0      5.0      5.0     85.0     90.0
       6      35.0        5.0      20.0        784.0     904.0       10.0      5.0      5.0     85.0     90.0
       7      90.0       35.0      10.0        194.0     314.0       10.0      4.0      6.0     90.0     95.0
       8      88.0       30.0      10.0        246.0     366.0       10.0      8.0     10.0     85.0     95.0
       9      88.0       35.0      20.0          0.0     899.0       10.0      0.0      1.0     90.0     95.0
      10      85.0       25.0      10.0         80.0     200.0       10.0     11.0     13.0     85.0     90.0
      11      85.0       35.0      30.0          0.0     902.0       10.0      8.0     10.0     85.0     95.0
      12      60.0       80.0      10.0         64.0     184.0       10.0      4.0      5.0     85.0     95.0
      13      20.0       82.0      10.0         37.0     157.0       10.0      2.0      5.0     85.0     90.0
      14       2.0       45.0      10.0        105.0     225.0       10.0      3.0      5.0     85.0     90.0
      15      72.0       35.0      30.0          0.0     914.0       10.0      8.0     10.0     85.0     95.0
      16      25.0       30.0       3.0          0.0     925.0       10.0     13.0     15.0     85.0     95.0
      17      20.0       50.0       5.0        375.0     495.0       10.0      5.0      5.0     85.0     90.0
      18      55.0       60.0      16.0        601.0     721.0       10.0      0.0      2.0     85.0     90.0
      19      15.0       10.0      20.0        782.0     902.0       10.0     13.0     14.0     90.0     95.0
      20      10.0       20.0      19.0          0.0     907.0       10.0     13.0     14.0     90.0     95.0
      21      15.0       60.0      17.0        694.0     814.0       10.0     -1.0      0.0     90.0     95.0
      22      65.0       35.0       3.0        167.0     287.0       10.0      0.0      0.0     95.0    100.0
      23      64.0       42.0       9.0        268.0     388.0       10.0     -4.0      1.0     85.0     90.0
      24      40.0       60.0      21.0        612.0     732.0       10.0     11.0     13.0     85.0     90.0
      25       5.0        5.0      16.0          0.0     892.0       10.0      0.0      0.0     95.0    100.0
      26      23.0        3.0       7.0        764.0     884.0       10.0      0.0      1.0     90.0     95.0
      27       6.0       68.0      30.0        352.0     472.0       10.0      4.0      5.0     85.0     95.0
      28      47.0       47.0      13.0        822.0     942.0       10.0      1.0      1.0     95.0     96.0
      29      63.0       23.0       2.0          0.0     914.0       10.0     10.0     10.0     85.0     95.0
      30      21.0       24.0      28.0        349.0     469.0       10.0     -4.0      1.0     85.0     90.0
      31      12.0       24.0      13.0        359.0     479.0       10.0      4.0      6.0     90.0     95.0
      32      24.0       58.0      19.0        260.0     380.0       10.0      0.0      0.0     90.0     95.0
      33      67.0        5.0      25.0        713.0     833.0       10.0      8.0     10.0     85.0     95.0
      34      37.0       47.0       6.0        359.0     479.0       10.0     -1.0      0.0     90.0     90.0
      35      57.0       48.0      23.0          0.0     932.0       10.0      4.0      6.0     90.0     95.0
      36      40.0       50.0       0.0          0.0     960.0        0.0     -4.0     15.0     80.0    100.0
