RANGE
4265.9
NUMBER     CAPACITY      CAPACITY      beta      flight              sl              F
    35        200                20         3.1125          30            2400.0      30.0


CUSTOMER
CUST NO. XCOORD. YCOORD. DEMAND READY TIME DUE DATE SERVICE TIME TL (°„C) TU (°„C) HL (%) HU (%)
       0      40.0       50.0       0.0          0.0     960.0        0.0     -4.0     15.0     80.0    100.0
       1      20.0       85.0      20.0          0.0     909.0       10.0      3.0      5.0     85.0     90.0
       2      10.0       35.0      20.0        371.0     491.0       10.0      4.0      9.0     85.0     90.0
       3       5.0       35.0      10.0        653.0     773.0       10.0     -1.0      7.0     80.0     85.0
       4       5.0       45.0      10.0          0.0     914.0       10.0      3.0      5.0     85.0     90.0
       5      40.0       15.0      40.0        375.0     495.0       10.0      2.0      5.0     85.0     90.0
       6      38.0       15.0      10.0          0.0     914.0       10.0      0.0      1.0     80.0     85.0
       7      35.0        5.0      20.0        784.0     904.0       10.0     13.0     14.0     90.0     95.0
       8      92.0       30.0      10.0          0.0     894.0       10.0      0.0      1.0     90.0     95.0
       9      90.0       35.0      10.0          0.0     897.0       10.0      5.0      5.0     90.0     90.0
      10      88.0       30.0      10.0        246.0     366.0       10.0      4.0      9.0     85.0     90.0
      11      88.0       35.0      20.0          0.0     899.0       10.0      0.0      0.0     95.0    100.0
      12      65.0       85.0      40.0         43.0     163.0       10.0     -1.0      0.0     90.0     95.0
      13      62.0       80.0      30.0        278.0     398.0       10.0      8.0     10.0     85.0     95.0
      14      58.0       75.0      20.0        376.0     496.0       10.0      0.0      1.0     90.0     95.0
      15      20.0       82.0      10.0         37.0     157.0       10.0      5.0      5.0     85.0     90.0
      16      42.0       12.0      10.0        440.0     560.0       10.0      1.0      5.0     85.0     91.0
      17      72.0       35.0      30.0          0.0     914.0       10.0      5.0      5.0     85.0     90.0
      18      55.0       20.0      19.0          0.0     916.0       10.0     13.0     15.0     85.0     95.0
      19      20.0       50.0       5.0        375.0     495.0       10.0     13.0     15.0     85.0     95.0
      20      55.0       60.0      16.0          0.0     931.0       10.0      1.0      5.0     85.0     91.0
      21      30.0       60.0      16.0        599.0     719.0       10.0      5.0      5.0     90.0     90.0
      22      15.0       10.0      20.0        782.0     902.0       10.0      2.0      5.0     85.0     90.0
      23      15.0       60.0      17.0          0.0     923.0       10.0      2.0      4.0     85.0     95.0
      24      45.0       30.0      17.0        191.0     311.0       10.0     -1.0      0.0     85.0     90.0
      25      41.0       37.0      16.0        566.0     686.0       10.0      1.0      1.0     95.0     96.0
      26      63.0       65.0       8.0          0.0     922.0       10.0     13.0     15.0     85.0     95.0
      27       2.0       60.0       5.0          0.0     910.0       10.0     -2.0      1.0     90.0     95.0
      28       6.0       68.0      30.0        352.0     472.0       10.0     -1.0      0.0     90.0     90.0
      29      49.0       58.0      10.0          0.0     937.0       10.0      0.0      2.0     85.0     90.0
      30      67.0        5.0      25.0          0.0     897.0       10.0      7.0     10.0     85.0     95.0
      31      37.0       47.0       6.0          0.0     945.0       10.0      2.0      5.0     85.0     90.0
      32      56.0       37.0       6.0          0.0     929.0       10.0     -1.0      7.0     80.0     85.0
      33       4.0       18.0      35.0          0.0     901.0       10.0     13.0     14.0     90.0     95.0
      34      26.0       52.0       9.0          0.0     935.0       10.0     -2.0      1.0     90.0     95.0
      35      26.0       35.0      15.0        308.0     428.0       10.0      5.0      5.0     85.0     90.0
      36      40.0       50.0       0.0          0.0     960.0        0.0     -4.0     15.0     80.0    100.0
