RANGE
4265.9
NUMBER     CAPACITY      CAPACITY      beta      flight              sl              F
    35        200                20         3.1125          30            2400.0      30.0


CUSTOMER
CUST NO. XCOORD. YCOORD. DEMAND READY TIME DUE DATE SERVICE TIME TL (°C) TU (°C) HL (%) HU (%)
       0      40.0       50.0       0.0          0.0    1236.0        0.0     -4.0     15.0     80.0    100.0
       1      45.0       70.0      30.0        758.0     938.0       90.0      8.0     10.0     85.0     95.0
       2      40.0       66.0      20.0        108.0     288.0       90.0      0.0      2.0     90.0     95.0
       3      35.0       69.0      10.0        387.0     567.0       90.0      0.0      1.0     80.0     85.0
       4      25.0       85.0      20.0        597.0     777.0       90.0      1.0      1.0     95.0     96.0
       5      15.0       80.0      10.0        222.0     402.0       90.0     -1.0      0.0     90.0     90.0
       6      30.0       50.0      10.0         10.0     190.0       90.0      2.0      5.0     85.0     90.0
       7      28.0       52.0      20.0        758.0     938.0       90.0      0.0      1.0     80.0     85.0
       8      25.0       50.0      10.0         15.0     195.0       90.0      5.0      5.0     90.0     90.0
       9      25.0       52.0      40.0        107.0     287.0       90.0      5.0      5.0     90.0     90.0
      10      25.0       55.0      10.0        572.0     752.0       90.0      0.0      2.0     85.0     90.0
      11      23.0       52.0      10.0        199.0     379.0       90.0      4.0      9.0     85.0     90.0
      12      10.0       35.0      20.0        129.0     309.0       90.0      2.0      5.0     85.0     90.0
      13       8.0       45.0      20.0        694.0     874.0       90.0      0.0      0.0     90.0     95.0
      14       5.0       45.0      10.0        601.0     781.0       90.0      5.0      5.0     90.0     90.0
      15      30.0       30.0      10.0        481.0     661.0       90.0      1.0      1.0     95.0     96.0
      16      30.0       32.0      30.0        389.0     569.0       90.0     -4.0      1.0     85.0     90.0
      17      26.0       32.0      10.0        758.0     938.0       90.0      0.0      0.0     90.0     95.0
      18      25.0       30.0      10.0        666.0     846.0       90.0      4.0      6.0     90.0     95.0
      19      35.0        5.0      20.0        506.0     686.0       90.0     13.0     15.0     85.0     95.0
      20      50.0       30.0      10.0        481.0     661.0       90.0      0.0      2.0     85.0     90.0
      21      50.0       35.0      20.0        200.0     380.0       90.0      4.0      6.0     90.0     95.0
      22      50.0       40.0      50.0        105.0     285.0       90.0     10.0     12.0     85.0     95.0
      23      45.0       35.0      10.0        853.0    1033.0       90.0      8.0     10.0     85.0     95.0
      24      53.0       30.0      10.0        388.0     568.0       90.0      8.0     10.0     85.0     95.0
      25      53.0       35.0      50.0        293.0     473.0       90.0      8.0     10.0     85.0     95.0
      26      88.0       35.0      20.0         50.0     230.0       90.0     -1.0      0.0     85.0     90.0
      27      87.0       30.0      10.0        610.0     790.0       90.0      2.0      5.0     85.0     90.0
      28      75.0       55.0      20.0        305.0     485.0       90.0      2.0      5.0     85.0     90.0
      29      72.0       55.0      10.0        212.0     392.0       90.0      0.0      2.0     85.0     90.0
      30      65.0       60.0      30.0        587.0     767.0       90.0      0.0      0.0     90.0     95.0
      31      65.0       85.0      40.0        407.0     587.0       90.0      3.0      5.0     85.0     90.0
      32      65.0       82.0      10.0        221.0     401.0       90.0      5.0      5.0     90.0     90.0
      33      60.0       85.0      30.0        502.0     682.0       90.0     10.0     12.0     85.0     95.0
      34      58.0       75.0      20.0         30.0     210.0       90.0     -1.0      7.0     80.0     85.0
      35      55.0       80.0      10.0        692.0     872.0       90.0      5.0      5.0     90.0     90.0
      36      40.0       50.0       0.0          0.0    1236.0        0.0     -4.0     15.0     80.0    100.0
