RANGE
4265.95
NUMBER     CAPACITY      CAPACITY      beta      flight              sl              F
5     200                20                3.1125               30            2400              30


CUSTOMER
CUST NO.  XCOORD.   YCOORD.    DEMAND   READY TIME  DUE DATE   SERVICE   TIME   TL (°C)   TU (°C)   HL (%)   HU (%)   LAUNCH TIME
   0      35         35             0           0         230          0           -4         15         80         100       
   1      41         49            10           0         204         10            5          5         90          90       
   2      35         17             7           0         202         10            8         10         85          95       
   3      55         45            13           0         197         10           13         15         85          95       
   4      55         20            19         149         159         10            0          1         90          95       
   5      15         30            26           0         199         10            4          5         85          95       
   6      25         30             3          99         109         10            5          5         90          90       
   7      20         50             5           0         198         10            0          1         90          95       
   8      10         43             9          95         105         10            1          1         95          96       
   9      55         60            16          97         107         10           -1          0         85          90       
  10      30         60            16         124         134         10           11         13         85          90       
  11      20         65            12          67          77         10            7         10         85          95       
  12      50         35            19           0         205         10            0          3         85          91       
  13      30         25            23         159         169         10            0          1         90          95       
  14      15         10            20          32          42         10           -4          1         85          90       
  15      30          5             8          61          71         10           -1          0         90          90       
  16      10         20            19          75          85         10           -1          7         80          85       
  17       5         30             2         157         167         10            4          6         90          95       
  18      20         40            12          87          97         10           -1          7         80          85       
  19      15         60            17          76          86         10            0          1         90          95       
  20      45         65             9         126         136         10           -1          7         80          85       
  21      45         20            11           0         201         10            2          4         85          95       
  22      45         10            18          97         107         10            3          5         85          90       
  23      55          5            29          68          78         10            4          5         85          95       
  24      65         35             3         153         163         10           -1          7         80          85       
  25      65         20             6         172         182         10            8         10         85          95       
  26      45         30            17           0         208         10            0          2         90          95       
  27      35         40            16          37          47         10            0          1         90          95       
  28      41         37            16          39          49         10            7         10         85          95       
  29      64         42             9          63          73         10            4          9         85          90       
  30      40         60            21          71          81         10            4          6         90          95       
  31      31         52            27           0         202         10            0          1         80          85       
  32      35         69            23         141         151         10           -4          1         85          90       
  33      53         52            11          37          47         10            5          5         85          90       
  34      65         55            14           0         183         10            0          0         95         100       
  35      63         65             8         143         153         10           13         14         90          95       
  36       2         60             5          41          51         10            0          2         85          90       
  37      20         20             8           0         198         10           -1          0         90          90       
  38       5          5            16          83          93         10            0          3         85          91       
  39      60         12            31          44          54         10            4          9         85          90       
  40      40         25             9          85          95         10            0          1         90          95       
  41      42          7             5          97         107         10            4          5         85          95       
  42      24         12             5          31          41         10            8         10         85          95       
  43      23          3             7         132         142         10            5          5         85          90       
  44      11         14            18          69          79         10           13         15         85          95       
  45       6         38            16          32          42         10            0          2         90          95       
  46       2         48             1         117         127         10           11         13         85          90       
  47       8         56            27          51          61         10           -1          0         90          90       
  48      13         52            36           0         192         10           11         13         85          90       
  49       6         68            30         108         118         10            4          9         85          90       
  50      47         47            13           0         203         10            7         10         85          95       
  51      49         58            10          88          98         10            4          9         85          90       
  52      27         43             9           0         208         10            0          1         80          85       
  53      37         31            14          95         105         10           13         14         90          95       
  54      57         29            18         140         150         10            2          4         85          95       
  55      63         23             2         136         146         10            4          9         85          90       
  56      53         12             6         130         140         10            0          1         90          95       
  57      32         12             7         101         111         10            4          6         90          95       
  58      36         26            18         200         210         10           13         15         85          95       
  59      21         24            28           0         202         10            4          6         90          95       
  60      17         34             3         162         172         10            1          5         85          91       
  61      12         24            13          76          86         10            2          5         85          90       
  62      24         58            19          58          68         10            3          5         85          90       
  63      27         69            10          34          44         10           10         10         85          95       
  64      15         77             9          73          83         10           10         12         85          95       
  65      62         77            20          51          61         10           10         10         85          95       
  66      49         73            25         127         137         10           -4          1         85          90       
  67      67          5            25          83          93         10            5          5         85          90       
  68      56         39            36         142         152         10            0          2         90          95       
  69      37         47             6          50          60         10           -1          0         90          90       
  70      37         56             5         182         192         10            4          6         90          95       
  71      57         68            15          77          87         10            1          5         85          91       
  72      47         16            25           0         197         10            8         10         85          95       
  73      44         17             9          78          88         10            0          2         85          90       
  74      46         13             8         149         159         10           13         14         90          95       
  75      49         11            18           0         192         10           -1          7         80          85       
  76      49         42            13          73          83         10            3          5         85          90       
  77      53         43            14         179         189         10           10         10         85          95       
  78      61         52             3          96         106         10           13         15         85          95       
  79      57         48            23          92         102         10           -4          1         85          90       
  80      56         37             6         182         192         10            0          0         90          95       
  81      55         54            26          94         104         10            0          3         85          91       
  82      15         47            16           0         196         10           13         14         90          95       
  83      14         37            11           0         198         10           -1          0         85          90       
  84      11         31             7         101         111         10            0          0         95         100       
  85      16         22            41           0         196         10            0          1         90          95       
  86       4         18            35          94         104         10           -1          0         90          90       
  87      28         18            26          93         103         10            3          5         85          90       
  88      26         52             9          74          84         10           13         15         85          95       
  89      26         35            15         176         186         10            0          0         95         100       
  90      31         67             3          95         105         10            2          5         85          90       
  91      15         19             1           0         194         10            0          0         90          95       
  92      22         22             2          18          28         10            2          5         85          90       
  93      18         24            22         188         198         10           10         10         85          95       
  94      26         27            27           0         207         10            3          5         85          90       
  95      25         24            20           0         205         10            0          3         85          91       
  96      22         27            11           0         204         10            0          2         90          95       
  97      25         21            12         133         143         10           -1          7         80          85       
  98      19         21            10           0         198         10            3          5         85          90       
  99      20         26             9          83          93         10            4          6         90          95       
 100      18         18            17         185         195         10            2          5         85          90       
