RANGE
4265.95
NUMBER     CAPACITY      CAPACITY      beta      flight              sl              F
5     200                20                3.1125               30            2400              30


CUSTOMER
CUST NO.  XCOORD.   YCOORD.    DEMAND   READY TIME  DUE DATE   SERVICE   TIME   TL (°C)   TU (°C)   HL (%)   HU (%)   LAUNCH TIME
   0      35         35             0           0         230          0           -4         15         80         100       
   1      41         49            10         151         181         10           -2          1         90          95       
   2      35         17             7          40          70         10           -1          0         90          95       
   3      55         45            13         106         136         10           13         15         85          95       
   4      55         20            19         139         169         10           13         14         90          95       
   5      15         30            26          24          54         10           13         15         85          95       
   6      25         30             3          89         119         10            4          9         85          90       
   7      20         50             5          71         101         10            0          3         85          91       
   8      10         43             9          85         115         10            8         10         85          95       
   9      55         60            16          87         117         10           13         15         85          95       
  10      30         60            16         114         144         10            4          9         85          90       
  11      20         65            12          57          87         10            1          1         95          96       
  12      50         35            19          53          83         10            7         10         85          95       
  13      30         25            23         149         179         10           -1          0         90          95       
  14      15         10            20          32          62         10           13         14         90          95       
  15      30          5             8          51          81         10           -4          1         85          90       
  16      10         20            19          65          95         10           10         10         85          95       
  17       5         30             2         147         177         10           11         13         85          90       
  18      20         40            12          77         107         10            2          5         85          90       
  19      15         60            17          66          96         10           11         13         85          90       
  20      45         65             9         116         146         10           13         15         85          95       
  21      45         20            11          52          82         10            5          5         90          90       
  22      45         10            18          87         117         10           -1          7         80          85       
  23      55          5            29          58          88         10            4          6         90          95       
  24      65         35             3         143         173         10            2          4         85          95       
  25      65         20             6         156         186         10           11         13         85          90       
  26      45         30            17         122         152         10           11         13         85          90       
  27      35         40            16          27          57         10            4          9         85          90       
  28      41         37            16          29          59         10           -4          1         85          90       
  29      64         42             9          53          83         10           10         10         85          95       
  30      40         60            21          61          91         10            2          4         85          95       
  31      31         52            27          40          70         10            1          5         85          91       
  32      35         69            23         131         161         10            4          9         85          90       
  33      53         52            11          27          57         10            0          1         80          85       
  34      65         55            14         107         137         10            7         10         85          95       
  35      63         65             8         133         163         10           -1          0         85          90       
  36       2         60             5          41          71         10           13         14         90          95       
  37      20         20             8         124         154         10           10         12         85          95       
  38       5          5            16          73         103         10            8         10         85          95       
  39      60         12            31          34          64         10            5          5         85          90       
  40      40         25             9          75         105         10           13         15         85          95       
  41      42          7             5          87         117         10            0          0         90          95       
  42      24         12             5          25          55         10            0          0         90          95       
  43      23          3             7         122         152         10           13         14         90          95       
  44      11         14            18          59          89         10            0          1         80          85       
  45       6         38            16          29          59         10            3          5         85          90       
  46       2         48             1         107         137         10           13         14         90          95       
  47       8         56            27          41          71         10            0          1         80          85       
  48      13         52            36         155         185         10            2          4         85          95       
  49       6         68            30          98         128         10           -1          7         80          85       
  50      47         47            13         114         144         10            0          0         95         100       
  51      49         58            10          78         108         10            0          1         80          85       
  52      27         43             9          42          72         10            4          6         90          95       
  53      37         31            14          85         115         10            5          5         90          90       
  54      57         29            18         130         160         10            4          6         90          95       
  55      63         23             2         126         156         10           13         15         85          95       
  56      53         12             6         120         150         10            1          1         95          96       
  57      32         12             7          91         121         10           -4          1         85          90       
  58      36         26            18         180         210         10            4          5         85          95       
  59      21         24            28          17          47         10           -1          0         90          95       
  60      17         34             3         152         182         10            0          0         95         100       
  61      12         24            13          66          96         10            0          1         90          95       
  62      24         58            19          48          78         10            0          0         90          95       
  63      27         69            10          34          64         10           -1          0         90          95       
  64      15         77             9          63          93         10           11         13         85          90       
  65      62         77            20          49          79         10            1          1         95          96       
  66      49         73            25         117         147         10            0          2         85          90       
  67      67          5            25          73         103         10            0          2         90          95       
  68      56         39            36         132         162         10           10         12         85          95       
  69      37         47             6          40          70         10           10         10         85          95       
  70      37         56             5         168         198         10            1          1         95          96       
  71      57         68            15          67          97         10            0          0         90          95       
  72      47         16            25          25          55         10            0          0         95         100       
  73      44         17             9          68          98         10           -2          1         90          95       
  74      46         13             8         139         169         10            3          5         85          90       
  75      49         11            18          59          89         10            5          5         85          90       
  76      49         42            13          63          93         10            5          5         90          90       
  77      53         43            14         169         199         10            3          5         85          90       
  78      61         52             3          86         116         10            4          5         85          95       
  79      57         48            23          82         112         10            1          5         85          91       
  80      56         37             6         168         198         10           -1          0         90          90       
  81      55         54            26          84         114         10           -1          0         90          95       
  82      15         47            16          45          75         10            7         10         85          95       
  83      14         37            11          34          64         10            2          5         85          90       
  84      11         31             7          91         121         10           -1          7         80          85       
  85      16         22            41          81         111         10            5          5         85          90       
  86       4         18            35          84         114         10           -1          0         90          95       
  87      28         18            26          83         113         10            1          1         95          96       
  88      26         52             9          64          94         10           11         13         85          90       
  89      26         35            15         166         196         10            3          5         85          90       
  90      31         67             3          85         115         10            0          0         95         100       
  91      15         19             1         150         180         10           -1          7         80          85       
  92      22         22             2          18          48         10            4          5         85          95       
  93      18         24            22         169         199         10           -1          7         80          85       
  94      26         27            27          90         120         10            7         10         85          95       
  95      25         24            20          29          59         10           13         14         90          95       
  96      22         27            11         125         155         10            8         10         85          95       
  97      25         21            12         123         153         10            0          1         90          95       
  98      19         21            10          48          78         10            2          5         85          90       
  99      20         26             9          73         103         10           13         14         90          95       
 100      18         18            17         165         195         10            7         10         85          95       
