RANGE
4265.95
NUMBER     CAPACITY      CAPACITY      beta      flight              sl              F
5     200                20                3.1125               30            2400              30


CUSTOMER
CUST NO.  XCOORD.   YCOORD.    DEMAND   READY TIME  DUE DATE   SERVICE   TIME   TL (°C)   TU (°C)   HL (%)   HU (%)   LAUNCH TIME
   0      35         35             0           0         230          0           -4         15         80         100       
   1      41         49            10           0         204         10            2          5         85          90       
   2      35         17             7           0         202         10           11         13         85          90       
   3      55         45            13           0         197         10            0          1         80          85       
   4      55         20            19         139         169         10            5          5         85          90       
   5      15         30            26           0         199         10            0          0         90          95       
   6      25         30             3           0         208         10           10         10         85          95       
   7      20         50             5           0         198         10            0          0         95         100       
   8      10         43             9          85         115         10            0          1         90          95       
   9      55         60            16          87         117         10           -1          0         85          90       
  10      30         60            16           0         194         10           -1          0         90          90       
  11      20         65            12          57          87         10            0          1         90          95       
  12      50         35            19           0         205         10            0          3         85          91       
  13      30         25            23         149         179         10            5          5         85          90       
  14      15         10            20           0         187         10           -2          1         90          95       
  15      30          5             8          51          81         10            1          5         85          91       
  16      10         20            19           0         190         10            3          5         85          90       
  17       5         30             2           0         189         10           -1          0         90          90       
  18      20         40            12           0         204         10           -1          0         90          95       
  19      15         60            17           0         187         10            2          4         85          95       
  20      45         65             9           0         188         10            0          1         80          85       
  21      45         20            11           0         201         10            0          3         85          91       
  22      45         10            18           0         193         10            1          5         85          91       
  23      55          5            29          58          88         10           13         14         90          95       
  24      65         35             3           0         190         10           -1          0         90          95       
  25      65         20             6         156         186         10            0          2         85          90       
  26      45         30            17           0         208         10            5          5         85          90       
  27      35         40            16           0         215         10           -1          0         90          95       
  28      41         37            16           0         213         10            2          4         85          95       
  29      64         42             9           0         190         10            1          1         95          96       
  30      40         60            21           0         194         10            0          2         90          95       
  31      31         52            27           0         202         10            0          2         85          90       
  32      35         69            23           0         186         10            4          6         90          95       
  33      53         52            11           0         195         10            3          5         85          90       
  34      65         55            14           0         183         10            0          0         90          95       
  35      63         65             8           0         178         10            8         10         85          95       
  36       2         60             5           0         178         10           -1          0         85          90       
  37      20         20             8           0         198         10           -1          0         85          90       
  38       5          5            16          73         103         10            7         10         85          95       
  39      60         12            31           0         186         10            3          5         85          90       
  40      40         25             9           0         208         10            0          3         85          91       
  41      42          7             5           0         191         10           10         10         85          95       
  42      24         12             5           0         194         10            4          9         85          90       
  43      23          3             7           0         185         10            2          4         85          95       
  44      11         14            18          59          89         10            2          5         85          90       
  45       6         38            16           0         190         10            0          0         90          95       
  46       2         48             1           0         184         10            3          5         85          90       
  47       8         56            27           0         185         10            7         10         85          95       
  48      13         52            36           0         192         10           -1          7         80          85       
  49       6         68            30           0         176         10            0          2         90          95       
  50      47         47            13           0         203         10           -4          1         85          90       
  51      49         58            10           0         193         10            4          9         85          90       
  52      27         43             9           0         208         10           10         10         85          95       
  53      37         31            14          85         115         10            0          0         95         100       
  54      57         29            18           0         197         10            0          0         90          95       
  55      63         23             2         126         156         10            0          0         95         100       
  56      53         12             6           0         190         10           -1          0         85          90       
  57      32         12             7           0         196         10            4          9         85          90       
  58      36         26            18         180         210         10            5          5         90          90       
  59      21         24            28           0         202         10           13         15         85          95       
  60      17         34             3           0         201         10           -1          0         90          95       
  61      12         24            13           0         194         10            5          5         90          90       
  62      24         58            19          48          78         10           -2          1         90          95       
  63      27         69            10           0         185         10            0          0         90          95       
  64      15         77             9           0         173         10           11         13         85          90       
  65      62         77            20           0         170         10            3          5         85          90       
  66      49         73            25           0         179         10           10         10         85          95       
  67      67          5            25          73         103         10            7         10         85          95       
  68      56         39            36           0         198         10            0          1         80          85       
  69      37         47             6          40          70         10            0          0         95         100       
  70      37         56             5           0         198         10           -4          1         85          90       
  71      57         68            15           0         180         10           13         14         90          95       
  72      47         16            25           0         197         10            0          3         85          91       
  73      44         17             9           0         199         10           -1          0         90          95       
  74      46         13             8         139         169         10           -1          7         80          85       
  75      49         11            18           0         192         10           11         13         85          90       
  76      49         42            13          63          93         10            4          9         85          90       
  77      53         43            14         169         199         10           -1          0         85          90       
  78      61         52             3           0         188         10            8         10         85          95       
  79      57         48            23          82         112         10            5          5         85          90       
  80      56         37             6           0         198         10            7         10         85          95       
  81      55         54            26           0         192         10            4          9         85          90       
  82      15         47            16           0         196         10           13         15         85          95       
  83      14         37            11           0         198         10            0          2         90          95       
  84      11         31             7          91         121         10           10         12         85          95       
  85      16         22            41           0         196         10            7         10         85          95       
  86       4         18            35           0         184         10            2          5         85          90       
  87      28         18            26          83         113         10            4          6         90          95       
  88      26         52             9           0         200         10           -1          0         85          90       
  89      26         35            15           0         211         10            0          1         80          85       
  90      31         67             3           0         187         10            3          5         85          90       
  91      15         19             1           0         194         10            2          5         85          90       
  92      22         22             2          18          48         10            8         10         85          95       
  93      18         24            22           0         199         10            5          5         90          90       
  94      26         27            27           0         207         10            1          1         95          96       
  95      25         24            20           0         205         10            5          5         85          90       
  96      22         27            11           0         204         10            4          5         85          95       
  97      25         21            12           0         202         10           -1          0         90          90       
  98      19         21            10           0         198         10            2          5         85          90       
  99      20         26             9          73         103         10            5          5         85          90       
 100      18         18            17         165         195         10            8         10         85          95       
