RANGE
4265.9
NUMBER     CAPACITY      CAPACITY      beta      flight              sl              F
    15        200                20         3.1125          30            2400.0      30.0


CUSTOMER
CUST NO. XCOORD. YCOORD. DEMAND READY TIME DUE DATE SERVICE TIME TL (°C) TU (°C) HL (%) HU (%)
       0      40.0       50.0       0.0          0.0     960.0        0.0     -4.0     15.0     80.0    100.0
       1      18.0       75.0      20.0        393.0     502.0       10.0     -1.0      0.0     90.0     90.0
       2      44.0        5.0      20.0        306.0     483.0       10.0      0.0      3.0     85.0     91.0
       3      40.0       15.0      40.0        383.0     486.0       10.0      2.0      4.0     85.0     95.0
       4      35.0        5.0      20.0        821.0     881.0       10.0     -4.0      1.0     85.0     90.0
       5      90.0       35.0      10.0        132.0     375.0       10.0     13.0     14.0     90.0     95.0
       6      55.0       82.0      10.0        247.0     307.0       10.0      4.0      5.0     85.0     95.0
       7      20.0       82.0      10.0         37.0     177.0       10.0     -1.0      0.0     90.0     95.0
       8      15.0       60.0      17.0        623.0     884.0       10.0      7.0     10.0     85.0     95.0
       9      65.0       20.0       6.0         39.0     316.0       10.0     13.0     14.0     90.0     95.0
      10      35.0       69.0      23.0        780.0     930.0       10.0      4.0      5.0     85.0     95.0
      11      65.0       55.0      14.0        191.0     410.0       10.0      7.0     10.0     85.0     95.0
      12      63.0       65.0       8.0         27.0     507.0       10.0      3.0      5.0     85.0     90.0
      13       6.0       68.0      30.0        382.0     442.0       10.0      4.0      9.0     85.0     90.0
      14      47.0       47.0      13.0        817.0     942.0       10.0      0.0      0.0     95.0    100.0
      15      49.0       58.0      10.0        332.0     497.0       10.0      4.0      5.0     85.0     95.0
      16      40.0       50.0       0.0          0.0     960.0        0.0     -4.0     15.0     80.0    100.0
