RANGE
4265.9
NUMBER     CAPACITY      CAPACITY      beta      flight              sl              F
    15        200                20         3.1125          30            2400.0      30.0


CUSTOMER
CUST NO. XCOORD. YCOORD. DEMAND READY TIME DUE DATE SERVICE TIME TL (°C) TU (°C) HL (%) HU (%)
       0      40.0       50.0       0.0          0.0    1236.0        0.0     -4.0     15.0     80.0    100.0
       1      45.0       68.0      10.0        885.0     994.0       90.0      0.0      2.0     85.0     90.0
       2      42.0       65.0      10.0         15.0     120.0       90.0      0.0      2.0     90.0     95.0
       3      40.0       69.0      20.0        580.0     743.0       90.0     -2.0      1.0     90.0     95.0
       4      22.0       85.0      10.0        541.0     646.0       90.0      5.0      5.0     90.0     90.0
       5      25.0       52.0      40.0        142.0     251.0       90.0      0.0      2.0     85.0     90.0
       6      30.0       32.0      30.0        417.0     540.0       90.0      0.0      1.0     80.0     85.0
       7      28.0       35.0      10.0        969.0    1098.0       90.0     -1.0      0.0     90.0     95.0
       8      38.0       15.0      10.0        607.0     784.0       90.0      0.0      0.0     95.0    100.0
       9      35.0        5.0      20.0        529.0     662.0       90.0      5.0      5.0     85.0     90.0
      10      48.0       30.0      10.0        601.0     724.0       90.0      2.0      4.0     85.0     95.0
      11      95.0       30.0      30.0        353.0     490.0       90.0      3.0      5.0     85.0     90.0
      12      92.0       30.0      10.0        442.0     587.0       90.0     -1.0      0.0     85.0     90.0
      13      66.0       55.0      10.0        141.0     270.0       90.0     10.0     12.0     85.0     95.0
      14      65.0       60.0      30.0        614.0     739.0       90.0     -1.0      0.0     90.0     95.0
      15      65.0       82.0      10.0        260.0     361.0       90.0      4.0      5.0     85.0     95.0
      16      40.0       50.0       0.0          0.0    1236.0        0.0     -4.0     15.0     80.0    100.0
