RANGE
4265.9
NUMBER     CAPACITY      CAPACITY      beta      flight              sl              F
    15        200                20         3.1125          30            2400.0      30.0


CUSTOMER
CUST NO. XCOORD. YCOORD. DEMAND READY TIME DUE DATE SERVICE TIME TL (°C) TU (°C) HL (%) HU (%)
       0      35.0       35.0       0.0          0.0     230.0        0.0     -4.0     15.0     80.0    100.0
       1      10.0       43.0       9.0         85.0     115.0       10.0      0.0      1.0     90.0     95.0
       2      20.0       40.0      12.0         77.0     107.0       10.0      7.0     10.0     85.0     95.0
       3      45.0       20.0      11.0          0.0     201.0       10.0     -1.0      0.0     90.0     95.0
       4      65.0       35.0       3.0        143.0     173.0       10.0      4.0      6.0     90.0     95.0
       5      60.0       12.0      31.0         34.0      64.0       10.0     -4.0      1.0     85.0     90.0
       6       6.0       38.0      16.0         29.0      59.0       10.0     10.0     10.0     85.0     95.0
       7       8.0       56.0      27.0         41.0      71.0       10.0     10.0     10.0     85.0     95.0
       8      53.0       12.0       6.0        120.0     150.0       10.0      2.0      5.0     85.0     90.0
       9      36.0       26.0      18.0        180.0     210.0       10.0      0.0      1.0     90.0     95.0
      10      21.0       24.0      28.0          0.0     202.0       10.0     -2.0      1.0     90.0     95.0
      11      12.0       24.0      13.0         66.0      96.0       10.0      5.0      5.0     90.0     90.0
      12      11.0       31.0       7.0         91.0     121.0       10.0      0.0      3.0     85.0     91.0
      13      16.0       22.0      41.0          0.0     196.0       10.0     -1.0      0.0     90.0     95.0
      14       4.0       18.0      35.0         84.0     114.0       10.0     -4.0      1.0     85.0     90.0
      15      25.0       24.0      20.0          0.0     205.0       10.0     13.0     15.0     85.0     95.0
      16      35.0       35.0       0.0          0.0     230.0        0.0     -4.0     15.0     80.0    100.0
