RANGE
4265.9
NUMBER     CAPACITY      CAPACITY      beta      flight              sl              F
    15        200                20         3.1125          30            2400.0      30.0


CUSTOMER
CUST NO. XCOORD. YCOORD. DEMAND READY TIME DUE DATE SERVICE TIME TL (°C) TU (°C) HL (%) HU (%)
       0      35.0       35.0       0.0          0.0    1000.0        0.0     -4.0     15.0     80.0    100.0
       1      35.0       17.0       7.0        143.0     282.0       10.0      0.0      0.0     90.0     95.0
       2      15.0       30.0      26.0         34.0     209.0       10.0      8.0     10.0     85.0     95.0
       3      20.0       65.0      12.0        206.0     325.0       10.0      4.0      5.0     85.0     95.0
       4      30.0        5.0       8.0        175.0     300.0       10.0     -1.0      0.0     85.0     90.0
       5      10.0       20.0      19.0        272.0     373.0       10.0     -4.0      1.0     85.0     90.0
       6      20.0       40.0      12.0        377.0     434.0       10.0     -1.0      7.0     80.0     85.0
       7      45.0       20.0      11.0        214.0     331.0       10.0     -1.0      0.0     85.0     90.0
       8      45.0       10.0      18.0        409.0     494.0       10.0      4.0      6.0     90.0     95.0
       9      35.0       69.0      23.0        660.0     777.0       10.0      5.0      5.0     85.0     90.0
      10      42.0        7.0       5.0        396.0     511.0       10.0      4.0      6.0     90.0     95.0
      11      32.0       12.0       7.0        421.0     530.0       10.0      3.0      5.0     85.0     90.0
      12      62.0       77.0      20.0         49.0     188.0       10.0      0.0      1.0     80.0     85.0
      13      26.0       52.0       9.0        279.0     388.0       10.0     -1.0      0.0     85.0     90.0
      14      31.0       67.0       3.0        392.0     487.0       10.0      1.0      5.0     85.0     91.0
      15      25.0       21.0      12.0        612.0     673.0       10.0     -1.0      0.0     90.0     95.0
      16      35.0       35.0       0.0          0.0    1000.0        0.0     -4.0     15.0     80.0    100.0
