RANGE
4265.9
NUMBER     CAPACITY      CAPACITY      beta      flight              sl              F
    15        200                20         3.1125          30            2400.0      30.0


CUSTOMER
CUST NO. XCOORD. YCOORD. DEMAND READY TIME DUE DATE SERVICE TIME TL (°C) TU (°C) HL (%) HU (%)
       0      40.0       50.0       0.0          0.0    1236.0        0.0     -4.0     15.0     80.0    100.0
       1      40.0       69.0      20.0        559.0     764.0       90.0     -2.0      1.0     90.0     95.0
       2      22.0       85.0      10.0        571.0     616.0       90.0      7.0     10.0     85.0     95.0
       3      25.0       50.0      10.0         55.0     154.0       90.0     10.0     12.0     85.0     95.0
       4       0.0       45.0      20.0        541.0     650.0       90.0      0.0      0.0     90.0     95.0
       5      33.0       35.0      10.0         16.0     153.0       90.0      5.0      5.0     90.0     90.0
       6      28.0       35.0      10.0        917.0    1126.0       90.0      0.0      0.0     95.0    100.0
       7      25.0       35.0      10.0        857.0    1024.0       90.0      0.0      0.0     95.0    100.0
       8      35.0        5.0      20.0        487.0     704.0       90.0     -1.0      0.0     90.0     95.0
       9      50.0       35.0      20.0        217.0     362.0       90.0      0.0      2.0     90.0     95.0
      10      45.0       30.0      10.0        716.0     795.0       90.0     -1.0      7.0     80.0     85.0
      11      95.0       30.0      30.0        266.0     577.0       90.0     -1.0      0.0     90.0     90.0
      12      53.0       35.0      50.0        294.0     471.0       90.0     13.0     15.0     85.0     95.0
      13      88.0       35.0      20.0         50.0     237.0       90.0      1.0      1.0     95.0     96.0
      14      65.0       85.0      40.0        442.0     551.0       90.0      2.0      5.0     85.0     90.0
      15      62.0       80.0      30.0        163.0     272.0       90.0     -1.0      7.0     80.0     85.0
      16      40.0       50.0       0.0          0.0    1236.0        0.0     -4.0     15.0     80.0    100.0
