RANGE
4265.9
NUMBER     CAPACITY      CAPACITY      beta      flight              sl              F
    15        200                20         3.1125          30            2400.0      30.0


CUSTOMER
CUST NO. XCOORD. YCOORD. DEMAND READY TIME DUE DATE SERVICE TIME TL (°C) TU (°C) HL (%) HU (%)
       0      35.0       35.0       0.0          0.0     230.0        0.0     -4.0     15.0     80.0    100.0
       1      10.0       43.0       9.0         75.0     124.0       10.0     -1.0      0.0     90.0     95.0
       2      30.0       60.0      16.0        107.0     150.0       10.0      0.0      0.0     95.0    100.0
       3      30.0       25.0      23.0        131.0     196.0       10.0     -2.0      1.0     90.0     95.0
       4      45.0       65.0       9.0        105.0     156.0       10.0      1.0      5.0     85.0     91.0
       5      55.0        5.0      29.0         43.0     102.0       10.0     10.0     10.0     85.0     95.0
       6      31.0       52.0      27.0         24.0      85.0       10.0      1.0      5.0     85.0     91.0
       7       8.0       56.0      27.0         34.0     105.0       10.0     13.0     15.0     85.0     95.0
       8      53.0       12.0       6.0        106.0     163.0       10.0     11.0     13.0     85.0     90.0
       9      12.0       24.0      13.0         55.0     106.0       10.0      8.0     10.0     85.0     95.0
      10      24.0       58.0      19.0         30.0      95.0       10.0     -4.0      1.0     85.0     90.0
      11      15.0       77.0       9.0         48.0     107.0       10.0     -2.0      1.0     90.0     95.0
      12      37.0       56.0       5.0        123.0     198.0       10.0     -1.0      0.0     90.0     90.0
      13      46.0       13.0       8.0        123.0     184.0       10.0      4.0      9.0     85.0     90.0
      14      61.0       52.0       3.0         71.0     130.0       10.0      4.0      5.0     85.0     95.0
      15      57.0       48.0      23.0         72.0     121.0       10.0     10.0     10.0     85.0     95.0
      16      35.0       35.0       0.0          0.0     230.0        0.0     -4.0     15.0     80.0    100.0
