RANGE
4265.9
NUMBER     CAPACITY      CAPACITY      beta      flight              sl              F
    15        200                20         3.1125          30            2400.0      30.0


CUSTOMER
CUST NO. XCOORD. YCOORD. DEMAND READY TIME DUE DATE SERVICE TIME TL (°C) TU (°C) HL (%) HU (%)
       0      35.0       35.0       0.0          0.0    1000.0        0.0     -4.0     15.0     80.0    100.0
       1      41.0       49.0      10.0          0.0     974.0       10.0     13.0     15.0     85.0     95.0
       2       5.0       30.0       2.0        682.0     922.0       10.0      5.0      5.0     90.0     90.0
       3      65.0       35.0       3.0        656.0     896.0       10.0     10.0     10.0     85.0     95.0
       4      35.0       40.0      16.0         60.0     300.0       10.0     -4.0      1.0     85.0     90.0
       5      24.0       12.0       5.0         25.0     265.0       10.0      1.0      1.0     95.0     96.0
       6       8.0       56.0      27.0         48.0     288.0       10.0     -4.0      1.0     85.0     90.0
       7      36.0       26.0      18.0        740.0     980.0       10.0      4.0      5.0     85.0     95.0
       8      27.0       69.0      10.0         34.0     274.0       10.0      0.0      2.0     85.0     90.0
       9      15.0       77.0       9.0        154.0     394.0       10.0     13.0     14.0     90.0     95.0
      10      57.0       68.0      15.0        198.0     438.0       10.0     13.0     15.0     85.0     95.0
      11      61.0       52.0       3.0        322.0     562.0       10.0      2.0      4.0     85.0     95.0
      12      55.0       54.0      26.0        314.0     554.0       10.0      4.0      6.0     90.0     95.0
      13       4.0       18.0      35.0        307.0     547.0       10.0     -1.0      0.0     90.0     95.0
      14      26.0       52.0       9.0        214.0     454.0       10.0      1.0      1.0     95.0     96.0
      15      15.0       19.0       1.0          0.0     964.0       10.0      2.0      4.0     85.0     95.0
      16      35.0       35.0       0.0          0.0    1000.0        0.0     -4.0     15.0     80.0    100.0
