RANGE
4265.9
NUMBER     CAPACITY      CAPACITY      beta      flight              sl              F
    15        200                20         3.1125          30            2400.0      30.0


CUSTOMER
CUST NO. XCOORD. YCOORD. DEMAND READY TIME DUE DATE SERVICE TIME TL (°C) TU (°C) HL (%) HU (%)
       0      40.0       50.0       0.0          0.0     240.0        0.0     -4.0     15.0     80.0    100.0
       1      22.0       75.0      30.0         32.0      97.0       10.0      4.0      6.0     90.0     95.0
       2      18.0       75.0      20.0         55.0     164.0       10.0      4.0      9.0     85.0     90.0
       3      15.0       75.0      20.0         69.0     118.0       10.0      0.0      0.0     90.0     95.0
       4      40.0       15.0      40.0         55.0     158.0       10.0     10.0     12.0     85.0     95.0
       5      38.0        5.0      30.0         45.0     164.0       10.0      0.0      1.0     90.0     95.0
       6      92.0       30.0      10.0         55.0     120.0       10.0      0.0      1.0     90.0     95.0
       7      88.0       30.0      10.0         52.0     159.0       10.0     -2.0      1.0     90.0     95.0
       8      60.0       85.0      30.0         50.0     149.0       10.0      0.0      1.0     80.0     85.0
       9      63.0       65.0       8.0         27.0     101.0       10.0      2.0      4.0     85.0     95.0
      10       2.0       60.0       5.0         65.0     118.0       10.0      0.0      2.0     90.0     95.0
      11      49.0       58.0      10.0         80.0     121.0       10.0      2.0      5.0     85.0     90.0
      12      27.0       43.0       9.0         26.0      87.0       10.0      0.0      1.0     90.0     95.0
      13      37.0       31.0      14.0         19.0      87.0       10.0     10.0     12.0     85.0     95.0
      14      53.0       43.0      14.0         14.0     155.0       10.0     -4.0      1.0     85.0     90.0
      15      55.0       54.0      26.0        121.0     172.0       10.0      0.0      3.0     85.0     91.0
      16      40.0       50.0       0.0          0.0     240.0        0.0     -4.0     15.0     80.0    100.0
