RANGE
4265.9
NUMBER     CAPACITY      CAPACITY      beta      flight              sl              F
    15        200                20         3.1125          30            2400.0      30.0


CUSTOMER
CUST NO. XCOORD. YCOORD. DEMAND READY TIME DUE DATE SERVICE TIME TL (°C) TU (°C) HL (%) HU (%)
       0      40.0       50.0       0.0          0.0     240.0        0.0     -4.0     15.0     80.0    100.0
       1      25.0       85.0      20.0        145.0     175.0       10.0     -1.0      7.0     80.0     85.0
       2      15.0       75.0      20.0         79.0     109.0       10.0     11.0     13.0     85.0     90.0
       3      42.0       15.0      10.0        122.0     152.0       10.0      5.0      5.0     90.0     90.0
       4      35.0        5.0      20.0        154.0     184.0       10.0     -1.0      0.0     85.0     90.0
       5      90.0       35.0      10.0         67.0      97.0       10.0      1.0      1.0     95.0     96.0
       6      65.0       85.0      40.0         43.0      73.0       10.0     13.0     15.0     85.0     95.0
       7      65.0       82.0      10.0        124.0     154.0       10.0     -1.0      0.0     85.0     90.0
       8      60.0       85.0      30.0         85.0     115.0       10.0     -1.0      0.0     85.0     90.0
       9      58.0       75.0      20.0         92.0     122.0       10.0      7.0     10.0     85.0     95.0
      10       2.0       45.0      10.0         45.0      75.0       10.0      5.0      5.0     85.0     90.0
      11      20.0       50.0       5.0         91.0     121.0       10.0      4.0      5.0     85.0     95.0
      12      30.0       25.0      23.0         96.0     126.0       10.0     -4.0      1.0     85.0     90.0
      13      41.0       37.0      16.0        133.0     163.0       10.0      0.0      1.0     90.0     95.0
      14       6.0       68.0      30.0         89.0     119.0       10.0     11.0     13.0     85.0     90.0
      15      24.0       58.0      19.0         67.0      97.0       10.0      0.0      1.0     90.0     95.0
      16      40.0       50.0       0.0          0.0     240.0        0.0     -4.0     15.0     80.0    100.0
