RANGE
4265.9
NUMBER     CAPACITY      CAPACITY      beta      flight              sl              F
    15        200                20         3.1125          30            2400.0      30.0


CUSTOMER
CUST NO. XCOORD. YCOORD. DEMAND READY TIME DUE DATE SERVICE TIME TL (°C) TU (°C) HL (%) HU (%)
       0      40.0       50.0       0.0          0.0    1236.0        0.0     -4.0     15.0     80.0    100.0
       1      42.0       65.0      10.0         15.0     195.0       90.0     11.0     13.0     85.0     90.0
       2      38.0       68.0      20.0        200.0     380.0       90.0     10.0     12.0     85.0     95.0
       3      35.0       69.0      10.0        387.0     567.0       90.0      0.0      1.0     80.0     85.0
       4      25.0       85.0      20.0        597.0     777.0       90.0      1.0      1.0     95.0     96.0
       5      30.0       52.0      20.0        850.0    1030.0       90.0      0.0      2.0     90.0     95.0
       6      28.0       52.0      20.0        758.0     938.0       90.0      0.0      1.0     80.0     85.0
       7      23.0       55.0      20.0        480.0     660.0       90.0      7.0     10.0     85.0     95.0
       8       8.0       40.0      40.0         33.0     213.0       90.0      0.0      1.0     80.0     85.0
       9      35.0       30.0      10.0        203.0     383.0       90.0      4.0      5.0     85.0     95.0
      10      30.0       35.0      10.0        947.0    1127.0       90.0      4.0      6.0     90.0     95.0
      11      45.0       65.0      20.0        943.0    1123.0       90.0      5.0      5.0     90.0     90.0
      12      88.0       35.0      20.0         50.0     230.0       90.0     -1.0      0.0     85.0     90.0
      13      66.0       55.0      10.0        116.0     296.0       90.0      4.0      5.0     85.0     95.0
      14      65.0       60.0      30.0        587.0     767.0       90.0      0.0      0.0     90.0     95.0
      15      62.0       80.0      30.0        128.0     308.0       90.0     11.0     13.0     85.0     90.0
      16      40.0       50.0       0.0          0.0    1236.0        0.0     -4.0     15.0     80.0    100.0
