RANGE
4265.9
NUMBER     CAPACITY      CAPACITY      beta      flight              sl              F
    15        200                20         3.1125          30            2400.0      30.0


CUSTOMER
CUST NO. XCOORD. YCOORD. DEMAND READY TIME DUE DATE SERVICE TIME TL (°C) TU (°C) HL (%) HU (%)
       0      40.0       50.0       0.0          0.0     960.0        0.0     -4.0     15.0     80.0    100.0
       1      22.0       85.0      10.0          0.0     910.0       10.0      4.0      5.0     85.0     95.0
       2      10.0       35.0      20.0        371.0     491.0       10.0      8.0     10.0     85.0     95.0
       3       5.0       35.0      10.0        653.0     773.0       10.0     -2.0      1.0     90.0     95.0
       4      40.0       15.0      40.0        375.0     495.0       10.0      5.0      5.0     85.0     90.0
       5      92.0       30.0      10.0        149.0     269.0       10.0      0.0      3.0     85.0     91.0
       6      90.0       35.0      10.0        194.0     314.0       10.0      4.0      6.0     90.0     95.0
       7      60.0       85.0      30.0        329.0     449.0       10.0      4.0      9.0     85.0     90.0
       8      18.0       80.0      10.0        489.0     609.0       10.0     10.0     10.0     85.0     95.0
       9      65.0       55.0      14.0        241.0     361.0       10.0     -1.0      0.0     90.0     95.0
      10      20.0       20.0       8.0        645.0     765.0       10.0      4.0      9.0     85.0     90.0
      11      60.0       12.0      31.0        268.0     388.0       10.0     13.0     15.0     85.0     95.0
      12       8.0       56.0      27.0        365.0     485.0       10.0      7.0     10.0     85.0     95.0
      13      67.0        5.0      25.0        713.0     833.0       10.0      8.0     10.0     85.0     95.0
      14       4.0       18.0      35.0        547.0     667.0       10.0     13.0     15.0     85.0     95.0
      15      31.0       67.0       3.0        810.0     930.0       10.0      5.0      5.0     90.0     90.0
      16      40.0       50.0       0.0          0.0     960.0        0.0     -4.0     15.0     80.0    100.0
