RANGE
4265.9
NUMBER     CAPACITY      CAPACITY      beta      flight              sl              F
    45        200                20         3.1125          30            2400.0      30.0


CUSTOMER
CUST NO. XCOORD. YCOORD. DEMAND READY TIME DUE DATE SERVICE TIME TL (°„C) TU (°„C) HL (%) HU (%)
       0      40.0       50.0       0.0          0.0    1236.0        0.0     -4.0     15.0     80.0    100.0
       1      45.0       70.0      30.0        756.0     939.0       90.0      4.0      6.0     90.0     95.0
       2      42.0       68.0      10.0        643.0     866.0       90.0      7.0     10.0     85.0     95.0
       3      40.0       69.0      20.0        499.0     824.0       90.0      8.0     10.0     85.0     95.0
       4      38.0       70.0      10.0        429.0     710.0       90.0     10.0     10.0     85.0     95.0
       5      18.0       75.0      20.0         33.0     226.0       90.0      0.0      2.0     90.0     95.0
       6      30.0       50.0      10.0         10.0     265.0       90.0      5.0      5.0     90.0     90.0
       7      30.0       52.0      20.0        836.0    1043.0       90.0      3.0      5.0     85.0     90.0
       8      25.0       50.0      10.0         15.0     333.0       90.0      0.0      0.0     90.0     95.0
       9      25.0       52.0      40.0         88.0     305.0       90.0      0.0      0.0     95.0    100.0
      10      25.0       55.0      10.0        502.0     821.0       90.0      0.0      0.0     90.0     95.0
      11      20.0       50.0      10.0        288.0     475.0       90.0     -1.0      0.0     85.0     90.0
      12      20.0       55.0      10.0        368.0     585.0       90.0      1.0      1.0     95.0     96.0
      13      10.0       35.0      20.0        144.0     293.0       90.0     10.0     10.0     85.0     95.0
      14       8.0       45.0      20.0        655.0     912.0       90.0      0.0      3.0     85.0     91.0
      15       5.0       35.0      10.0        191.0     436.0       90.0      0.0      3.0     85.0     91.0
      16       2.0       40.0      20.0        305.0     512.0       90.0     11.0     13.0     85.0     90.0
      17       0.0       45.0      20.0        481.0     710.0       90.0      0.0      3.0     85.0     91.0
      18      30.0       35.0      10.0        837.0    1127.0       90.0      2.0      4.0     85.0     95.0
      19      28.0       30.0      10.0        539.0     786.0       90.0      4.0      9.0     85.0     90.0
      20      26.0       32.0      10.0        719.0     976.0       90.0      0.0      3.0     85.0     91.0
      21      25.0       30.0      10.0        635.0     876.0       90.0     -1.0      0.0     90.0     95.0
      22      25.0       35.0      10.0        825.0    1056.0       90.0     -2.0      1.0     90.0     95.0
      23      42.0       15.0      10.0         35.0     287.0       90.0     -1.0      0.0     90.0     95.0
      24      40.0       15.0      40.0         35.0     246.0       90.0      0.0      2.0     90.0     95.0
      25      50.0       30.0      10.0        412.0     729.0       90.0     -2.0      1.0     90.0     95.0
      26      47.0       40.0      10.0         12.0     275.0       90.0      0.0      2.0     90.0     95.0
      27      95.0       30.0      30.0        284.0     559.0       90.0      2.0      5.0     85.0     90.0
      28      95.0       35.0      20.0        194.0     459.0       90.0      5.0      5.0     85.0     90.0
      29      53.0       30.0      10.0        367.0     588.0       90.0     -4.0      1.0     85.0     90.0
      30      53.0       35.0      50.0        263.0     502.0       90.0      5.0      5.0     85.0     90.0
      31      45.0       65.0      20.0        847.0    1130.0       90.0     11.0     13.0     85.0     90.0
      32      90.0       35.0      10.0        119.0     344.0       90.0     -1.0      0.0     90.0     95.0
      33      88.0       35.0      20.0         50.0     295.0       90.0      0.0      0.0     95.0    100.0
      34      85.0       25.0      10.0        694.0     895.0       90.0     -1.0      0.0     90.0     90.0
      35      85.0       35.0      30.0         47.0     356.0       90.0      4.0      6.0     90.0     95.0
      36      72.0       55.0      10.0        154.0     449.0       90.0      7.0     10.0     85.0     95.0
      37      68.0       60.0      30.0        470.0     697.0       90.0     11.0     13.0     85.0     90.0
      38      66.0       55.0      10.0         76.0     335.0       90.0      1.0      1.0     95.0     96.0
      39      65.0       60.0      30.0        551.0     802.0       90.0      4.0      6.0     90.0     95.0
      40      63.0       58.0      10.0        640.0     899.0       90.0     10.0     10.0     85.0     95.0
      41      60.0       55.0      10.0         20.0     276.0       90.0      1.0      1.0     95.0     96.0
      42      60.0       60.0      10.0        756.0     969.0       90.0      5.0      5.0     90.0     90.0
      43      65.0       82.0      10.0        209.0     412.0       90.0      2.0      5.0     85.0     90.0
      44      62.0       80.0      30.0        130.0     305.0       90.0      1.0      5.0     85.0     91.0
      45      58.0       75.0      20.0         30.0     248.0       90.0      0.0      2.0     90.0     95.0
      46      40.0       50.0       0.0          0.0    1236.0        0.0     -4.0     15.0     80.0    100.0
