RANGE
4265.9
NUMBER     CAPACITY      CAPACITY      beta      flight              sl              F
    45        200                20         3.1125          30            2400.0      30.0


CUSTOMER
CUST NO. XCOORD. YCOORD. DEMAND READY TIME DUE DATE SERVICE TIME TL (°„C) TU (°„C) HL (%) HU (%)
       0      40.0       50.0       0.0          0.0    3390.0        0.0     -4.0     15.0     80.0    100.0
       1      62.0       69.0      10.0          0.0    3270.0       90.0     13.0     15.0     85.0     95.0
       2      60.0       66.0      10.0       1261.0    1421.0       90.0      0.0      1.0     80.0     85.0
       3      16.0       42.0      20.0        497.0     657.0       90.0      0.0      1.0     90.0     95.0
       4      34.0       60.0      20.0       2887.0    3047.0       90.0      3.0      5.0     85.0     90.0
       5      28.0       70.0      10.0       2601.0    2761.0       90.0     13.0     14.0     90.0     95.0
       6      25.0       85.0      20.0          0.0    3261.0       90.0      7.0     10.0     85.0     95.0
       7      22.0       85.0      10.0       2026.0    2186.0       90.0      4.0      5.0     85.0     95.0
       8      20.0       85.0      40.0       1934.0    2094.0       90.0      0.0      0.0     95.0    100.0
       9      15.0       75.0      20.0       1742.0    1902.0       90.0     13.0     15.0     85.0     95.0
      10      30.0       50.0      10.0         10.0     170.0       90.0      3.0      5.0     85.0     90.0
      11      28.0       52.0      20.0         22.0     182.0       90.0     13.0     14.0     90.0     95.0
      12      14.0       66.0      10.0       1643.0    1803.0       90.0      0.0      1.0     80.0     85.0
      13      22.0       66.0      40.0       2504.0    2664.0       90.0      2.0      5.0     85.0     90.0
      14       4.0       55.0      20.0       1447.0    1607.0       90.0     -1.0      0.0     90.0     90.0
      15      20.0       50.0      10.0        398.0     558.0       90.0      4.0      9.0     85.0     90.0
      16      10.0       35.0      20.0          0.0    3266.0       90.0     -1.0      7.0     80.0     85.0
      17      10.0       40.0      30.0        593.0     753.0       90.0     -1.0      7.0     80.0     85.0
      18       8.0       45.0      20.0          0.0    3267.0       90.0      4.0      5.0     85.0     95.0
      19       5.0       35.0      10.0        876.0    1036.0       90.0      2.0      5.0     85.0     90.0
      20       5.0       45.0      10.0       1253.0    1413.0       90.0      1.0      1.0     95.0     96.0
      21       0.0       40.0      30.0       1063.0    1223.0       90.0      1.0      1.0     95.0     96.0
      22       0.0       45.0      20.0       1158.0    1318.0       90.0      5.0      5.0     85.0     90.0
      23      36.0       18.0      10.0       1819.0    1979.0       90.0      7.0     10.0     85.0     95.0
      24      32.0       20.0      10.0       1913.0    2073.0       90.0     10.0     12.0     85.0     95.0
      25      30.0       35.0      10.0       2480.0    2640.0       90.0      0.0      3.0     85.0     91.0
      26      36.0       40.0      10.0          0.0    3289.0       90.0      4.0      5.0     85.0     95.0
      27      26.0       32.0      10.0          0.0    3277.0       90.0     -1.0      0.0     90.0     90.0
      28      25.0       30.0      10.0       2200.0    2360.0       90.0      0.0      2.0     90.0     95.0
      29      25.0       35.0      10.0          0.0    3278.0       90.0     -1.0      0.0     90.0     90.0
      30      44.0        5.0      20.0       1256.0    1416.0       90.0      0.0      0.0     95.0    100.0
      31      42.0       10.0      40.0       1160.0    1320.0       90.0      5.0      5.0     85.0     90.0
      32      40.0        5.0      30.0       1350.0    1510.0       90.0     13.0     15.0     85.0     95.0
      33      50.0       35.0      20.0        120.0     280.0       90.0     -2.0      1.0     90.0     95.0
      34      44.0       25.0      10.0        871.0    1031.0       90.0      2.0      5.0     85.0     90.0
      35      47.0       40.0      10.0         12.0     172.0       90.0      7.0     10.0     85.0     95.0
      36      45.0       35.0      10.0        680.0     840.0       90.0      5.0      5.0     85.0     90.0
      37      95.0       35.0      20.0       2226.0    2386.0       90.0     -1.0      7.0     80.0     85.0
      38      87.0       30.0      10.0       2608.0    2768.0       90.0     11.0     13.0     85.0     90.0
      39      85.0       35.0      30.0       2703.0    2863.0       90.0      0.0      2.0     85.0     90.0
      40      75.0       55.0      20.0          0.0    3264.0       90.0      1.0      1.0     95.0     96.0
      41      65.0       60.0      30.0       1546.0    1706.0       90.0      4.0      6.0     90.0     95.0
      42      42.0       58.0      40.0          8.0     168.0       90.0     -1.0      0.0     90.0     95.0
      43      60.0       85.0      30.0        597.0     757.0       90.0      7.0     10.0     85.0     95.0
      44      58.0       75.0      20.0          0.0    3269.0       90.0      2.0      5.0     85.0     90.0
      45      55.0       85.0      20.0        502.0     662.0       90.0     13.0     15.0     85.0     95.0
      46      40.0       50.0       0.0          0.0    3390.0        0.0     -4.0     15.0     80.0    100.0
