RANGE
4265.9
NUMBER     CAPACITY      CAPACITY      beta      flight              sl              F
    45        200                20         3.1125          30            2400.0      30.0


CUSTOMER
CUST NO. XCOORD. YCOORD. DEMAND READY TIME DUE DATE SERVICE TIME TL (°„C) TU (°„C) HL (%) HU (%)
       0      40.0       50.0       0.0          0.0    1236.0        0.0     -4.0     15.0     80.0    100.0
       1      42.0       68.0      10.0        699.0     810.0       90.0      0.0      0.0     95.0    100.0
       2      42.0       65.0      10.0         15.0     120.0       90.0      0.0      2.0     90.0     95.0
       3      38.0       68.0      20.0        220.0     359.0       90.0     -2.0      1.0     90.0     95.0
       4      38.0       70.0      10.0        499.0     640.0       90.0     -1.0      0.0     85.0     90.0
       5      35.0       69.0      10.0        420.0     533.0       90.0      0.0      2.0     90.0     95.0
       6      25.0       85.0      20.0        617.0     756.0       90.0     -2.0      1.0     90.0     95.0
       7      30.0       52.0      20.0        888.0     991.0       90.0     10.0     10.0     85.0     95.0
       8      28.0       52.0      20.0        776.0     919.0       90.0      5.0      5.0     90.0     90.0
       9      28.0       55.0      10.0        709.0     800.0       90.0      0.0      0.0     90.0     95.0
      10      25.0       50.0      10.0         25.0     184.0       90.0     -1.0      7.0     80.0     85.0
      11      23.0       55.0      20.0        523.0     616.0       90.0      0.0      1.0     80.0     85.0
      12      20.0       55.0      10.0        422.0     531.0       90.0     -4.0      1.0     85.0     90.0
      13      10.0       35.0      20.0        181.0     256.0       90.0     -1.0      7.0     80.0     85.0
      14       8.0       40.0      40.0         52.0     193.0       90.0      5.0      5.0     90.0     90.0
      15       5.0       35.0      10.0        252.0     375.0       90.0      3.0      5.0     85.0     90.0
      16      35.0       30.0      10.0        236.0     349.0       90.0      0.0      0.0     90.0     95.0
      17      35.0       32.0      10.0        132.0     269.0       90.0     -1.0      0.0     90.0     95.0
      18      30.0       35.0      10.0        982.0    1127.0       90.0     10.0     12.0     85.0     95.0
      19      28.0       30.0      10.0        601.0     724.0       90.0      1.0      1.0     95.0     96.0
      20      28.0       35.0      10.0        969.0    1098.0       90.0     -1.0      0.0     90.0     95.0
      21      25.0       30.0      10.0        695.0     816.0       90.0      4.0      9.0     85.0     90.0
      22      42.0       15.0      10.0         63.0     190.0       90.0      3.0      5.0     85.0     90.0
      23      40.0        5.0      30.0        359.0     462.0       90.0      0.0      1.0     80.0     85.0
      24      40.0       15.0      40.0         35.0     140.0       90.0      1.0      5.0     85.0     91.0
      25      38.0        5.0      30.0        439.0     566.0       90.0     13.0     15.0     85.0     95.0
      26      38.0       15.0      10.0        607.0     784.0       90.0      0.0      0.0     95.0    100.0
      27      35.0        5.0      20.0        529.0     662.0       90.0      5.0      5.0     85.0     90.0
      28      50.0       40.0      50.0        147.0     242.0       90.0      4.0      6.0     90.0     95.0
      29      48.0       40.0      10.0         50.0     155.0       90.0     -1.0      0.0     90.0     95.0
      30      47.0       35.0      10.0        802.0     899.0       90.0      8.0     10.0     85.0     95.0
      31      45.0       30.0      10.0        712.0     799.0       90.0      4.0      5.0     85.0     95.0
      32      95.0       30.0      30.0        353.0     490.0       90.0      3.0      5.0     85.0     90.0
      33      45.0       65.0      20.0        962.0    1103.0       90.0      0.0      1.0     90.0     95.0
      34      88.0       35.0      20.0         78.0     201.0       90.0     -1.0      0.0     90.0     95.0
      35      75.0       55.0      20.0        344.0     445.0       90.0      0.0      3.0     85.0     91.0
      36      66.0       55.0      10.0        141.0     270.0       90.0     10.0     12.0     85.0     95.0
      37      65.0       55.0      20.0         56.0     173.0       90.0     13.0     15.0     85.0     95.0
      38      65.0       60.0      30.0        614.0     739.0       90.0     -1.0      0.0     90.0     95.0
      39      60.0       60.0      10.0        809.0     916.0       90.0      0.0      3.0     85.0     91.0
      40      67.0       85.0      20.0        331.0     478.0       90.0      4.0      5.0     85.0     95.0
      41      65.0       82.0      10.0        260.0     361.0       90.0      4.0      5.0     85.0     95.0
      42      62.0       80.0      30.0        174.0     261.0       90.0      4.0      5.0     85.0     95.0
      43      60.0       80.0      10.0         64.0     187.0       90.0     -4.0      1.0     85.0     90.0
      44      60.0       85.0      30.0        531.0     652.0       90.0     13.0     15.0     85.0     95.0
      45      55.0       80.0      10.0        705.0     858.0       90.0      5.0      5.0     85.0     90.0
      46      40.0       50.0       0.0          0.0    1236.0        0.0     -4.0     15.0     80.0    100.0
