RANGE
4265.9
NUMBER     CAPACITY      CAPACITY      beta      flight              sl              F
    45        200                20         3.1125          30            2400.0      30.0


CUSTOMER
CUST NO. XCOORD. YCOORD. DEMAND READY TIME DUE DATE SERVICE TIME TL (°„C) TU (°„C) HL (%) HU (%)
       0      40.0       50.0       0.0          0.0    1236.0        0.0     -4.0     15.0     80.0    100.0
       1      42.0       68.0      10.0        665.0     845.0       90.0      5.0      5.0     85.0     90.0
       2      42.0       65.0      10.0         15.0     195.0       90.0     11.0     13.0     85.0     90.0
       3      40.0       69.0      20.0        572.0     752.0       90.0      1.0      1.0     95.0     96.0
       4      40.0       66.0      20.0        108.0     288.0       90.0      0.0      2.0     90.0     95.0
       5      35.0       66.0      10.0        294.0     474.0       90.0     -1.0      0.0     90.0     90.0
       6      35.0       69.0      10.0        387.0     567.0       90.0      0.0      1.0     80.0     85.0
       7      25.0       85.0      20.0        597.0     777.0       90.0      1.0      1.0     95.0     96.0
       8      22.0       75.0      30.0         30.0     210.0       90.0      0.0      1.0     80.0     85.0
       9      18.0       75.0      20.0         34.0     214.0       90.0      0.0      1.0     80.0     85.0
      10      15.0       80.0      10.0        222.0     402.0       90.0     -1.0      0.0     90.0     90.0
      11      30.0       52.0      20.0        850.0    1030.0       90.0      0.0      2.0     90.0     95.0
      12      25.0       55.0      10.0        572.0     752.0       90.0      0.0      2.0     85.0     90.0
      13      20.0       50.0      10.0        292.0     472.0       90.0      4.0      5.0     85.0     95.0
      14      10.0       35.0      20.0        129.0     309.0       90.0      2.0      5.0     85.0     90.0
      15       5.0       45.0      10.0        601.0     781.0       90.0      5.0      5.0     90.0     90.0
      16       0.0       40.0      30.0        411.0     591.0       90.0     -1.0      7.0     80.0     85.0
      17       0.0       45.0      20.0        506.0     686.0       90.0     11.0     13.0     85.0     90.0
      18      35.0       30.0      10.0        203.0     383.0       90.0      4.0      5.0     85.0     95.0
      19      33.0       32.0      20.0         19.0     199.0       90.0      0.0      3.0     85.0     91.0
      20      25.0       35.0      10.0        851.0    1031.0       90.0     11.0     13.0     85.0     90.0
      21      42.0       10.0      40.0        132.0     312.0       90.0      0.0      1.0     80.0     85.0
      22      42.0       15.0      10.0         37.0     217.0       90.0      2.0      4.0     85.0     95.0
      23      40.0        5.0      30.0        321.0     501.0       90.0     10.0     10.0     85.0     95.0
      24      40.0       15.0      40.0         35.0     215.0       90.0      5.0      5.0     90.0     90.0
      25      38.0        5.0      30.0        413.0     593.0       90.0     -4.0      1.0     85.0     90.0
      26      35.0        5.0      20.0        506.0     686.0       90.0     13.0     15.0     85.0     95.0
      27      50.0       35.0      20.0        200.0     380.0       90.0      4.0      6.0     90.0     95.0
      28      47.0       35.0      10.0        761.0     941.0       90.0      0.0      1.0     90.0     95.0
      29      47.0       40.0      10.0         12.0     192.0       90.0     10.0     10.0     85.0     95.0
      30      45.0       30.0      10.0        666.0     846.0       90.0     10.0     12.0     85.0     95.0
      31      53.0       30.0      10.0        388.0     568.0       90.0      8.0     10.0     85.0     95.0
      32      92.0       30.0      10.0        425.0     605.0       90.0      0.0      2.0     85.0     90.0
      33      45.0       65.0      20.0        943.0    1123.0       90.0      5.0      5.0     90.0     90.0
      34      90.0       35.0      10.0        142.0     322.0       90.0     10.0     10.0     85.0     95.0
      35      88.0       30.0      10.0        519.0     699.0       90.0      0.0      3.0     85.0     91.0
      36      85.0       25.0      10.0        705.0     885.0       90.0     11.0     13.0     85.0     90.0
      37      85.0       35.0      30.0         47.0     227.0       90.0      4.0      6.0     90.0     95.0
      38      65.0       60.0      30.0        587.0     767.0       90.0      0.0      0.0     90.0     95.0
      39      60.0       55.0      10.0         20.0     200.0       90.0     10.0     10.0     85.0     95.0
      40      67.0       85.0      20.0        315.0     495.0       90.0     -1.0      0.0     90.0     95.0
      41      65.0       82.0      10.0        221.0     401.0       90.0      5.0      5.0     90.0     90.0
      42      62.0       80.0      30.0        128.0     308.0       90.0     11.0     13.0     85.0     90.0
      43      60.0       85.0      30.0        502.0     682.0       90.0     10.0     12.0     85.0     95.0
      44      58.0       75.0      20.0         30.0     210.0       90.0     -1.0      7.0     80.0     85.0
      45      55.0       85.0      20.0        597.0     777.0       90.0     -1.0      0.0     90.0     95.0
      46      40.0       50.0       0.0          0.0    1236.0        0.0     -4.0     15.0     80.0    100.0
