RANGE
4265.9
NUMBER     CAPACITY      CAPACITY      beta      flight              sl              F
    45        200                20         3.1125          30            2400.0      30.0


CUSTOMER
CUST NO. XCOORD. YCOORD. DEMAND READY TIME DUE DATE SERVICE TIME TL (°„C) TU (°„C) HL (%) HU (%)
       0      35.0       35.0       0.0          0.0    1000.0        0.0     -4.0     15.0     80.0    100.0
       1      55.0       20.0      19.0        620.0     860.0       10.0      8.0     10.0     85.0     95.0
       2      25.0       30.0       3.0        345.0     585.0       10.0     -2.0      1.0     90.0     95.0
       3      20.0       50.0       5.0        251.0     491.0       10.0      0.0      0.0     90.0     95.0
       4      55.0       60.0      16.0        329.0     569.0       10.0      2.0      4.0     85.0     95.0
       5      30.0       25.0      23.0        639.0     879.0       10.0      4.0      5.0     85.0     95.0
       6      30.0        5.0       8.0        118.0     358.0       10.0      1.0      1.0     95.0     96.0
       7       5.0       30.0       2.0        682.0     922.0       10.0      2.0      5.0     85.0     90.0
       8      20.0       40.0      12.0        286.0     526.0       10.0      4.0      9.0     85.0     90.0
       9      45.0       65.0       9.0        504.0     744.0       10.0      1.0      1.0     95.0     96.0
      10      45.0       20.0      11.0        153.0     393.0       10.0     -1.0      0.0     85.0     90.0
      11      35.0       40.0      16.0         60.0     300.0       10.0     -1.0      0.0     85.0     90.0
      12      64.0       42.0       9.0        132.0     372.0       10.0      0.0      0.0     95.0    100.0
      13      35.0       69.0      23.0        599.0     839.0       10.0      4.0      6.0     90.0     95.0
      14      63.0       65.0       8.0        630.0     870.0       10.0      3.0      5.0     85.0     90.0
      15       2.0       60.0       5.0         41.0     281.0       10.0     -4.0      1.0     85.0     90.0
      16      20.0       20.0       8.0        530.0     770.0       10.0     10.0     12.0     85.0     95.0
      17      60.0       12.0      31.0         33.0     273.0       10.0     11.0     13.0     85.0     90.0
      18      24.0       12.0       5.0         25.0     265.0       10.0     -4.0      1.0     85.0     90.0
      19       6.0       38.0      16.0         29.0     269.0       10.0     -1.0      0.0     90.0     95.0
      20       2.0       48.0       1.0        452.0     692.0       10.0      5.0      5.0     85.0     90.0
      21      13.0       52.0      36.0        720.0     960.0       10.0      2.0      4.0     85.0     95.0
      22       6.0       68.0      30.0        401.0     641.0       10.0     13.0     15.0     85.0     95.0
      23      27.0       43.0       9.0        117.0     357.0       10.0      4.0      5.0     85.0     95.0
      24      37.0       31.0      14.0        332.0     572.0       10.0      5.0      5.0     90.0     90.0
      25      63.0       23.0       2.0        560.0     800.0       10.0      0.0      1.0     80.0     85.0
      26      21.0       24.0      28.0         17.0     257.0       10.0      4.0      9.0     85.0     90.0
      27      12.0       24.0      13.0        214.0     454.0       10.0      0.0      1.0     90.0     95.0
      28      15.0       77.0       9.0        154.0     394.0       10.0      4.0      6.0     90.0     95.0
      29      62.0       77.0      20.0         49.0     289.0       10.0     11.0     13.0     85.0     90.0
      30      49.0       73.0      25.0        523.0     763.0       10.0      4.0      5.0     85.0     95.0
      31      37.0       47.0       6.0        108.0     348.0       10.0     -2.0      1.0     90.0     95.0
      32      37.0       56.0       5.0        728.0     968.0       10.0      4.0      6.0     90.0     95.0
      33      57.0       68.0      15.0        198.0     438.0       10.0      5.0      5.0     90.0     90.0
      34      46.0       13.0       8.0        622.0     862.0       10.0      4.0      9.0     85.0     90.0
      35      49.0       42.0      13.0        212.0     452.0       10.0     -1.0      0.0     90.0     95.0
      36      61.0       52.0       3.0        322.0     562.0       10.0     13.0     14.0     90.0     95.0
      37      55.0       54.0      26.0        314.0     554.0       10.0      2.0      5.0     85.0     90.0
      38      15.0       47.0      16.0        106.0     346.0       10.0     13.0     14.0     90.0     95.0
      39       4.0       18.0      35.0        307.0     547.0       10.0      2.0      4.0     85.0     95.0
      40      26.0       52.0       9.0        214.0     454.0       10.0     10.0     12.0     85.0     95.0
      41      15.0       19.0       1.0        683.0     923.0       10.0     -4.0      1.0     85.0     90.0
      42      18.0       24.0      22.0        729.0     969.0       10.0      7.0     10.0     85.0     95.0
      43      22.0       27.0      11.0        529.0     769.0       10.0      2.0      4.0     85.0     95.0
      44      19.0       21.0      10.0        125.0     365.0       10.0      8.0     10.0     85.0     95.0
      45      18.0       18.0      17.0        725.0     965.0       10.0     -4.0      1.0     85.0     90.0
      46      35.0       35.0       0.0          0.0    1000.0        0.0     -4.0     15.0     80.0    100.0
