RANGE
4265.9
NUMBER     CAPACITY      CAPACITY      beta      flight              sl              F
    45        200                20         3.1125          30            2400.0      30.0


CUSTOMER
CUST NO. XCOORD. YCOORD. DEMAND READY TIME DUE DATE SERVICE TIME TL (°„C) TU (°„C) HL (%) HU (%)
       0      35.0       35.0       0.0          0.0    1000.0        0.0     -4.0     15.0     80.0    100.0
       1      41.0       49.0      10.0          0.0     974.0       10.0      1.0      5.0     85.0     91.0
       2      55.0       60.0      16.0        400.0     497.0       10.0     -1.0      0.0     90.0     90.0
       3      20.0       65.0      12.0        206.0     325.0       10.0      0.0      2.0     90.0     95.0
       4      50.0       35.0      19.0          0.0     975.0       10.0     10.0     10.0     85.0     95.0
       5      30.0       25.0      23.0        690.0     827.0       10.0     -1.0      0.0     85.0     90.0
       6      15.0       10.0      20.0          0.0     957.0       10.0      0.0      0.0     90.0     95.0
       7      20.0       40.0      12.0          0.0     974.0       10.0      0.0      0.0     90.0     95.0
       8      45.0       65.0       9.0          0.0     958.0       10.0      0.0      2.0     85.0     90.0
       9      65.0       20.0       6.0        817.0     956.0       10.0     -2.0      1.0     90.0     95.0
      10      45.0       30.0      17.0          0.0     978.0       10.0      3.0      5.0     85.0     90.0
      11      64.0       42.0       9.0          0.0     960.0       10.0      5.0      5.0     85.0     90.0
      12      40.0       60.0      21.0        259.0     354.0       10.0      4.0      5.0     85.0     95.0
      13      35.0       69.0      23.0          0.0     956.0       10.0      0.0      1.0     90.0     95.0
      14      63.0       65.0       8.0        686.0     813.0       10.0      8.0     10.0     85.0     95.0
      15       5.0        5.0      16.0        302.0     405.0       10.0      5.0      5.0     90.0     90.0
      16      40.0       25.0       9.0        360.0     437.0       10.0      8.0     10.0     85.0     95.0
      17      42.0        7.0       5.0        396.0     511.0       10.0      0.0      1.0     90.0     95.0
      18      23.0        3.0       7.0          0.0     955.0       10.0      0.0      2.0     85.0     90.0
      19      11.0       14.0      18.0        233.0     340.0       10.0      4.0      6.0     90.0     95.0
      20       6.0       38.0      16.0         29.0     189.0       10.0     10.0     10.0     85.0     95.0
      21       8.0       56.0      27.0          0.0     955.0       10.0      0.0      1.0     90.0     95.0
      22      63.0       23.0       2.0        620.0     739.0       10.0      3.0      5.0     85.0     90.0
      23      53.0       12.0       6.0        585.0     692.0       10.0      4.0      9.0     85.0     90.0
      24      32.0       12.0       7.0          0.0     966.0       10.0     13.0     15.0     85.0     95.0
      25      36.0       26.0      18.0        849.0     980.0       10.0      0.0      0.0     95.0    100.0
      26      12.0       24.0      13.0          0.0     964.0       10.0     10.0     12.0     85.0     95.0
      27      27.0       69.0      10.0          0.0     955.0       10.0     11.0     13.0     85.0     90.0
      28      15.0       77.0       9.0        214.0     333.0       10.0      0.0      0.0     95.0    100.0
      29      37.0       47.0       6.0        162.0     293.0       10.0      0.0      2.0     85.0     90.0
      30      37.0       56.0       5.0        788.0     968.0       10.0      8.0     10.0     85.0     95.0
      31      47.0       16.0      25.0          0.0     967.0       10.0      8.0     10.0     85.0     95.0
      32      46.0       13.0       8.0        681.0     802.0       10.0      0.0      3.0     85.0     91.0
      33      53.0       43.0      14.0        817.0     952.0       10.0     -1.0      7.0     80.0     85.0
      34      61.0       52.0       3.0        384.0     499.0       10.0      0.0      3.0     85.0     91.0
      35      15.0       47.0      16.0          0.0     966.0       10.0     10.0     10.0     85.0     95.0
      36      11.0       31.0       7.0        436.0     511.0       10.0     13.0     14.0     90.0     95.0
      37      28.0       18.0      26.0        420.0     447.0       10.0     13.0     15.0     85.0     95.0
      38      26.0       52.0       9.0        279.0     388.0       10.0      8.0     10.0     85.0     95.0
      39      26.0       35.0      15.0          0.0     981.0       10.0      0.0      2.0     85.0     90.0
      40      31.0       67.0       3.0          0.0     957.0       10.0      4.0      6.0     90.0     95.0
      41      22.0       22.0       2.0         18.0     181.0       10.0     -4.0      1.0     85.0     90.0
      42      18.0       24.0      22.0        811.0     969.0       10.0      1.0      5.0     85.0     91.0
      43      25.0       24.0      20.0          0.0     975.0       10.0     13.0     15.0     85.0     95.0
      44      25.0       21.0      12.0          0.0     972.0       10.0      1.0      1.0     95.0     96.0
      45      20.0       26.0       9.0        333.0     432.0       10.0     13.0     14.0     90.0     95.0
      46      35.0       35.0       0.0          0.0    1000.0        0.0     -4.0     15.0     80.0    100.0
