RANGE
4265.9
NUMBER     CAPACITY      CAPACITY      beta      flight              sl              F
    45        200                20         3.1125          30            2400.0      30.0


CUSTOMER
CUST NO. XCOORD. YCOORD. DEMAND READY TIME DUE DATE SERVICE TIME TL (°„C) TU (°„C) HL (%) HU (%)
       0      35.0       35.0       0.0          0.0     230.0        0.0     -4.0     15.0     80.0    100.0
       1      41.0       49.0      10.0          0.0     204.0       10.0     -1.0      0.0     90.0     95.0
       2      55.0       20.0      19.0        139.0     169.0       10.0     -1.0      7.0     80.0     85.0
       3      10.0       43.0       9.0         85.0     115.0       10.0      0.0      1.0     90.0     95.0
       4      55.0       60.0      16.0         87.0     117.0       10.0     -4.0      1.0     85.0     90.0
       5      30.0       60.0      16.0        114.0     144.0       10.0      4.0      9.0     85.0     90.0
       6      30.0       25.0      23.0        149.0     179.0       10.0     -1.0      0.0     85.0     90.0
       7      15.0       10.0      20.0         32.0      62.0       10.0     -1.0      0.0     85.0     90.0
       8      10.0       20.0      19.0         65.0      95.0       10.0      1.0      5.0     85.0     91.0
       9       5.0       30.0       2.0        147.0     177.0       10.0     -1.0      0.0     90.0     95.0
      10      20.0       40.0      12.0         77.0     107.0       10.0      7.0     10.0     85.0     95.0
      11      45.0       65.0       9.0        116.0     146.0       10.0     -1.0      7.0     80.0     85.0
      12      45.0       20.0      11.0          0.0     201.0       10.0     -1.0      0.0     90.0     95.0
      13      45.0       10.0      18.0         87.0     117.0       10.0     13.0     14.0     90.0     95.0
      14      65.0       20.0       6.0        156.0     186.0       10.0      0.0      0.0     90.0     95.0
      15      41.0       37.0      16.0         29.0      59.0       10.0     10.0     12.0     85.0     95.0
      16      64.0       42.0       9.0         53.0      83.0       10.0      0.0      2.0     90.0     95.0
      17      20.0       20.0       8.0          0.0     198.0       10.0      5.0      5.0     85.0     90.0
      18       5.0        5.0      16.0         73.0     103.0       10.0      3.0      5.0     85.0     90.0
      19      60.0       12.0      31.0         34.0      64.0       10.0     -4.0      1.0     85.0     90.0
      20      42.0        7.0       5.0         87.0     117.0       10.0      4.0      5.0     85.0     95.0
      21      24.0       12.0       5.0         25.0      55.0       10.0      0.0      1.0     90.0     95.0
      22      11.0       14.0      18.0         59.0      89.0       10.0     13.0     15.0     85.0     95.0
      23      57.0       29.0      18.0        130.0     160.0       10.0     10.0     10.0     85.0     95.0
      24      63.0       23.0       2.0        126.0     156.0       10.0     -4.0      1.0     85.0     90.0
      25      53.0       12.0       6.0        120.0     150.0       10.0      2.0      5.0     85.0     90.0
      26      32.0       12.0       7.0         91.0     121.0       10.0      0.0      1.0     90.0     95.0
      27      12.0       24.0      13.0         66.0      96.0       10.0      5.0      5.0     90.0     90.0
      28      15.0       77.0       9.0         63.0      93.0       10.0      1.0      5.0     85.0     91.0
      29      62.0       77.0      20.0         49.0      79.0       10.0     -1.0      7.0     80.0     85.0
      30      49.0       73.0      25.0        117.0     147.0       10.0      0.0      2.0     90.0     95.0
      31      37.0       47.0       6.0         40.0      70.0       10.0      5.0      5.0     90.0     90.0
      32      57.0       68.0      15.0         67.0      97.0       10.0     -1.0      0.0     90.0     90.0
      33      47.0       16.0      25.0          0.0     197.0       10.0      3.0      5.0     85.0     90.0
      34      56.0       37.0       6.0        168.0     198.0       10.0     -2.0      1.0     90.0     95.0
      35      55.0       54.0      26.0         84.0     114.0       10.0      0.0      1.0     80.0     85.0
      36      15.0       47.0      16.0          0.0     196.0       10.0     -2.0      1.0     90.0     95.0
      37      14.0       37.0      11.0          0.0     198.0       10.0     -2.0      1.0     90.0     95.0
      38      11.0       31.0       7.0         91.0     121.0       10.0      0.0      3.0     85.0     91.0
      39      16.0       22.0      41.0          0.0     196.0       10.0     -1.0      0.0     90.0     95.0
      40       4.0       18.0      35.0         84.0     114.0       10.0     -4.0      1.0     85.0     90.0
      41      26.0       35.0      15.0        166.0     196.0       10.0     11.0     13.0     85.0     90.0
      42      22.0       22.0       2.0         18.0      48.0       10.0      0.0      0.0     95.0    100.0
      43      25.0       24.0      20.0          0.0     205.0       10.0     13.0     15.0     85.0     95.0
      44      25.0       21.0      12.0        123.0     153.0       10.0      5.0      5.0     90.0     90.0
      45      19.0       21.0      10.0          0.0     198.0       10.0      2.0      4.0     85.0     95.0
      46      35.0       35.0       0.0          0.0     230.0        0.0     -4.0     15.0     80.0    100.0
