RANGE
4265.9
NUMBER     CAPACITY      CAPACITY      beta      flight              sl              F
    45        200                20         3.1125          30            2400.0      30.0


CUSTOMER
CUST NO. XCOORD. YCOORD. DEMAND READY TIME DUE DATE SERVICE TIME TL (°„C) TU (°„C) HL (%) HU (%)
       0      40.0       50.0       0.0          0.0    3390.0        0.0     -4.0     15.0     80.0    100.0
       1      60.0       66.0      10.0       1154.0    1527.0       90.0      5.0      5.0     90.0     90.0
       2      42.0       65.0      10.0         15.0     402.0       90.0     -2.0      1.0     90.0     95.0
       3      16.0       42.0      20.0        331.0     822.0       90.0      0.0      3.0     85.0     91.0
       4      58.0       70.0      20.0        965.0    1340.0       90.0     -1.0      0.0     90.0     90.0
       5      28.0       70.0      10.0       2385.0    2976.0       90.0      0.0      3.0     85.0     91.0
       6      35.0       66.0      10.0       2628.0    3113.0       90.0      0.0      0.0     90.0     95.0
       7      25.0       85.0      20.0       1985.0    2412.0       90.0      0.0      1.0     90.0     95.0
       8      20.0       80.0      40.0       2077.0    2514.0       90.0      4.0      5.0     85.0     95.0
       9      15.0       75.0      20.0       1560.0    2083.0       90.0      5.0      5.0     90.0     90.0
      10      30.0       50.0      10.0         10.0     645.0       90.0      4.0      9.0     85.0     90.0
      11      14.0       66.0      10.0       1519.0    1926.0       90.0      3.0      5.0     85.0     90.0
      12      20.0       50.0      10.0        168.0     787.0       90.0     13.0     14.0     90.0     95.0
      13      20.0       55.0      10.0        170.0     595.0       90.0      1.0      5.0     85.0     91.0
      14       0.0       40.0      30.0        890.0    1395.0       90.0     -1.0      0.0     85.0     90.0
      15       0.0       45.0      20.0       1036.0    1439.0       90.0     -1.0      0.0     90.0     90.0
      16      35.0       32.0      10.0       2599.0    3076.0       90.0      5.0      5.0     85.0     90.0
      17      33.0       35.0      10.0       2463.0    2842.0       90.0      5.0      5.0     85.0     90.0
      18      32.0       20.0      10.0       1745.0    2240.0       90.0     -2.0      1.0     90.0     95.0
      19      34.0       25.0      30.0       1884.0    2293.0       90.0      8.0     10.0     85.0     95.0
      20      30.0       35.0      10.0       2348.0    2771.0       90.0     10.0     12.0     85.0     95.0
      21      26.0       32.0      10.0       2018.0    2725.0       90.0      0.0      2.0     90.0     95.0
      22      25.0       30.0      10.0       2015.0    2544.0       90.0      5.0      5.0     90.0     90.0
      23      25.0       35.0      10.0       2201.0    2728.0       90.0     13.0     15.0     85.0     95.0
      24      40.0        5.0      30.0       1199.0    1660.0       90.0      2.0      5.0     85.0     90.0
      25      38.0       15.0      40.0       1552.0    2057.0       90.0      0.0      2.0     85.0     90.0
      26      38.0       10.0      10.0       1498.0    1921.0       90.0     -2.0      1.0     90.0     95.0
      27      35.0        5.0      20.0       1325.0    1904.0       90.0     -2.0      1.0     90.0     95.0
      28      50.0       30.0      10.0        223.0     738.0       90.0     11.0     13.0     85.0     90.0
      29      50.0       35.0      20.0         18.0     474.0       90.0     13.0     15.0     85.0     95.0
      30      47.0       40.0      10.0         12.0     424.0       90.0     13.0     14.0     90.0     95.0
      31      42.0       30.0      10.0        641.0    1070.0       90.0      4.0      6.0     90.0     95.0
      32      45.0       35.0      10.0        534.0     985.0       90.0      8.0     10.0     85.0     95.0
      33      95.0       30.0      30.0       2119.0    2682.0       90.0     13.0     15.0     85.0     95.0
      34      95.0       35.0      20.0       2079.0    2532.0       90.0     -1.0      7.0     80.0     85.0
      35      45.0       65.0      20.0         15.0     607.0       90.0      0.0      0.0     90.0     95.0
      36      90.0       35.0      10.0       2002.0    2419.0       90.0      0.0      1.0     90.0     95.0
      37      85.0       35.0      30.0       2563.0    3002.0       90.0     -1.0      0.0     85.0     90.0
      38      75.0       55.0      20.0       1783.0    2226.0       90.0      5.0      5.0     85.0     90.0
      39      70.0       58.0      20.0       1513.0    1928.0       90.0     -1.0      0.0     90.0     90.0
      40      65.0       60.0      30.0       1338.0    1913.0       90.0      0.0      0.0     95.0    100.0
      41      56.0       64.0      10.0       1116.0    1753.0       90.0      4.0      5.0     85.0     95.0
      42      67.0       85.0      20.0        518.0    1029.0       90.0      2.0      4.0     85.0     95.0
      43      65.0       82.0      10.0        549.0    1186.0       90.0      1.0      1.0     95.0     96.0
      44      60.0       85.0      30.0        397.0     956.0       90.0      3.0      5.0     85.0     90.0
      45      55.0       85.0      20.0        373.0     790.0       90.0      4.0      6.0     90.0     95.0
      46      40.0       50.0       0.0          0.0    3390.0        0.0     -4.0     15.0     80.0    100.0
