RANGE
4265.9
NUMBER     CAPACITY      CAPACITY      beta      flight              sl              F
    45        200                20         3.1125          30            2400.0      30.0


CUSTOMER
CUST NO. XCOORD. YCOORD. DEMAND READY TIME DUE DATE SERVICE TIME TL (°„C) TU (°„C) HL (%) HU (%)
       0      40.0       50.0       0.0          0.0    3390.0        0.0     -4.0     15.0     80.0    100.0
       1      45.0       70.0      30.0        133.0     453.0       90.0      2.0      4.0     85.0     95.0
       2      62.0       69.0      10.0       1087.0    1407.0       90.0     13.0     15.0     85.0     95.0
       3      42.0       65.0      10.0         15.0     335.0       90.0      4.0      5.0     85.0     95.0
       4      34.0       60.0      20.0       2807.0    3127.0       90.0      5.0      5.0     90.0     90.0
       5      28.0       70.0      10.0       2521.0    2841.0       90.0     -4.0      1.0     85.0     90.0
       6      35.0       66.0      10.0       2711.0    3031.0       90.0      8.0     10.0     85.0     95.0
       7      35.0       69.0      10.0       2618.0    2938.0       90.0      5.0      5.0     90.0     90.0
       8      25.0       85.0      20.0       2039.0    2359.0       90.0      2.0      5.0     85.0     90.0
       9      22.0       75.0      30.0       2325.0    2645.0       90.0     -1.0      0.0     90.0     95.0
      10      20.0       80.0      40.0       2136.0    2456.0       90.0      1.0      1.0     95.0     96.0
      11      20.0       85.0      40.0       1854.0    2174.0       90.0     13.0     15.0     85.0     95.0
      12      15.0       75.0      20.0       1662.0    1982.0       90.0      0.0      1.0     80.0     85.0
      13      15.0       80.0      10.0       1757.0    2077.0       90.0      0.0      2.0     90.0     95.0
      14      30.0       50.0      10.0         10.0     330.0       90.0      0.0      3.0     85.0     91.0
      15      30.0       56.0      20.0       2903.0    3223.0       90.0     -1.0      0.0     90.0     90.0
      16      28.0       52.0      20.0         12.0     332.0       90.0      0.0      1.0     80.0     85.0
      17      14.0       66.0      10.0       1563.0    1883.0       90.0      0.0      3.0     85.0     91.0
      18      22.0       66.0      40.0       2424.0    2744.0       90.0     -1.0      0.0     85.0     90.0
      19       4.0       55.0      20.0       1367.0    1687.0       90.0      0.0      0.0     95.0    100.0
      20       8.0       40.0      40.0        605.0     925.0       90.0     -1.0      7.0     80.0     85.0
      21       5.0       35.0      10.0        796.0    1116.0       90.0     -1.0      0.0     90.0     90.0
      22       2.0       40.0      20.0        891.0    1211.0       90.0      0.0      0.0     95.0    100.0
      23       0.0       45.0      20.0       1078.0    1398.0       90.0     10.0     12.0     85.0     95.0
      24      36.0       18.0      10.0       1739.0    2059.0       90.0     -2.0      1.0     90.0     95.0
      25      35.0       32.0      10.0       2678.0    2998.0       90.0     10.0     10.0     85.0     95.0
      26      33.0       32.0      20.0       2586.0    2906.0       90.0      0.0      0.0     95.0    100.0
      27      32.0       20.0      10.0       1833.0    2153.0       90.0      7.0     10.0     85.0     95.0
      28      30.0       30.0      10.0       2025.0    2345.0       90.0     -1.0      0.0     90.0     95.0
      29      34.0       25.0      30.0       1929.0    2249.0       90.0      3.0      5.0     85.0     90.0
      30      36.0       40.0      10.0       2776.0    3096.0       90.0     -1.0      0.0     90.0     95.0
      31      48.0       20.0      10.0        887.0    1207.0       90.0      5.0      5.0     90.0     90.0
      32      25.0       30.0      10.0       2120.0    2440.0       90.0     13.0     14.0     90.0     95.0
      33      44.0        5.0      20.0       1176.0    1496.0       90.0     -1.0      0.0     90.0     90.0
      34      42.0       10.0      40.0       1080.0    1400.0       90.0      1.0      5.0     85.0     91.0
      35      42.0       15.0      10.0        985.0    1305.0       90.0      3.0      5.0     85.0     90.0
      36      50.0       35.0      20.0         40.0     360.0       90.0     -1.0      0.0     85.0     90.0
      37      50.0       40.0      50.0         14.0     334.0       90.0      2.0      4.0     85.0     95.0
      38      45.0       65.0      20.0         38.0     358.0       90.0      0.0      3.0     85.0     91.0
      39      85.0       25.0      10.0       2433.0    2753.0       90.0      4.0      6.0     90.0     95.0
      40      70.0       58.0      20.0       1561.0    1881.0       90.0     10.0     12.0     85.0     95.0
      41      86.0       46.0      30.0       1949.0    2269.0       90.0      0.0      1.0     90.0     95.0
      42      60.0       55.0      10.0       2959.0    3279.0       90.0      8.0     10.0     85.0     95.0
      43      67.0       85.0      20.0        614.0     934.0       90.0     -1.0      0.0     85.0     90.0
      44      60.0       85.0      30.0        517.0     837.0       90.0      2.0      5.0     85.0     90.0
      45      55.0       85.0      20.0        422.0     742.0       90.0     -4.0      1.0     85.0     90.0
      46      40.0       50.0       0.0          0.0    3390.0        0.0     -4.0     15.0     80.0    100.0
