RANGE
4265.9
NUMBER     CAPACITY      CAPACITY      beta      flight              sl              F
    45        200                20         3.1125          30            2400.0      30.0


CUSTOMER
CUST NO. XCOORD. YCOORD. DEMAND READY TIME DUE DATE SERVICE TIME TL (°„C) TU (°„C) HL (%) HU (%)
       0      40.0       50.0       0.0          0.0    3390.0        0.0     -4.0     15.0     80.0    100.0
       1      52.0       75.0      10.0        311.0     471.0       90.0      3.0      5.0     85.0     90.0
       2      45.0       70.0      30.0        213.0     373.0       90.0      4.0      9.0     85.0     90.0
       3      60.0       66.0      10.0       1261.0    1421.0       90.0     10.0     10.0     85.0     95.0
       4      58.0       70.0      20.0       1073.0    1233.0       90.0      5.0      5.0     90.0     90.0
       5      35.0       66.0      10.0       2791.0    2951.0       90.0     -2.0      1.0     90.0     95.0
       6      35.0       69.0      10.0       2698.0    2858.0       90.0      0.0      0.0     90.0     95.0
       7      22.0       85.0      10.0       2026.0    2186.0       90.0     -1.0      7.0     80.0     85.0
       8      20.0       80.0      40.0       2216.0    2376.0       90.0      4.0      9.0     85.0     90.0
       9      18.0       75.0      20.0       2311.0    2471.0       90.0      0.0      2.0     85.0     90.0
      10      15.0       75.0      20.0       1742.0    1902.0       90.0     -1.0      0.0     90.0     95.0
      11      15.0       80.0      10.0       1837.0    1997.0       90.0      0.0      2.0     90.0     95.0
      12      30.0       56.0      20.0       2983.0    3143.0       90.0      8.0     10.0     85.0     95.0
      13      25.0       50.0      10.0        116.0     276.0       90.0     -1.0      0.0     90.0     95.0
      14       4.0       55.0      20.0       1447.0    1607.0       90.0     -2.0      1.0     90.0     95.0
      15      10.0       40.0      30.0        593.0     753.0       90.0     -4.0      1.0     85.0     90.0
      16       8.0       40.0      40.0        685.0     845.0       90.0      0.0      1.0     90.0     95.0
      17       5.0       45.0      10.0       1253.0    1413.0       90.0     -4.0      1.0     85.0     90.0
      18      34.0       25.0      30.0       2009.0    2169.0       90.0      2.0      4.0     85.0     95.0
      19      36.0       40.0      10.0       2856.0    3016.0       90.0      0.0      1.0     90.0     95.0
      20      48.0       20.0      10.0        967.0    1127.0       90.0      0.0      2.0     85.0     90.0
      21      26.0       32.0      10.0       2292.0    2452.0       90.0      0.0      1.0     80.0     85.0
      22      44.0        5.0      20.0       1256.0    1416.0       90.0      5.0      5.0     85.0     90.0
      23      40.0        5.0      30.0       1350.0    1510.0       90.0     11.0     13.0     85.0     90.0
      24      38.0       15.0      40.0       1725.0    1885.0       90.0     10.0     12.0     85.0     95.0
      25      35.0        5.0      20.0       1535.0    1695.0       90.0      2.0      5.0     85.0     90.0
      26      50.0       30.0      10.0        401.0     561.0       90.0     -1.0      0.0     90.0     90.0
      27      50.0       40.0      50.0         25.0     185.0       90.0      5.0      5.0     90.0     90.0
      28      44.0       25.0      10.0        871.0    1031.0       90.0      5.0      5.0     90.0     90.0
      29      47.0       40.0      10.0         12.0     172.0       90.0     11.0     13.0     85.0     90.0
      30      42.0       30.0      10.0        776.0     936.0       90.0      2.0      5.0     85.0     90.0
      31      95.0       30.0      30.0       2321.0    2481.0       90.0      0.0      0.0     90.0     95.0
      32      95.0       35.0      20.0       2226.0    2386.0       90.0     13.0     14.0     90.0     95.0
      33      53.0       30.0      10.0        308.0     468.0       90.0     -1.0      0.0     85.0     90.0
      34      53.0       35.0      50.0        213.0     373.0       90.0      0.0      1.0     90.0     95.0
      35      85.0       25.0      10.0       2513.0    2673.0       90.0      5.0      5.0     90.0     90.0
      36      72.0       55.0      10.0       1832.0    1992.0       90.0      1.0      5.0     85.0     91.0
      37      70.0       58.0      20.0       1641.0    1801.0       90.0      2.0      5.0     85.0     90.0
      38      64.0       46.0      20.0       3097.0    3257.0       90.0      1.0      5.0     85.0     91.0
      39      56.0       64.0      10.0       1355.0    1515.0       90.0     13.0     14.0     90.0     95.0
      40      60.0       55.0      10.0       3119.0    3279.0       90.0      2.0      4.0     85.0     95.0
      41      60.0       60.0      10.0       1451.0    1611.0       90.0     -4.0      1.0     85.0     90.0
      42      65.0       82.0      10.0        788.0     948.0       90.0      5.0      5.0     85.0     90.0
      43      62.0       80.0      30.0        881.0    1041.0       90.0      5.0      5.0     85.0     90.0
      44      58.0       75.0      20.0        978.0    1138.0       90.0      2.0      5.0     85.0     90.0
      45      55.0       85.0      20.0        502.0     662.0       90.0      0.0      1.0     80.0     85.0
      46      40.0       50.0       0.0          0.0    3390.0        0.0     -4.0     15.0     80.0    100.0
