RANGE
4265.9
NUMBER     CAPACITY      CAPACITY      beta      flight              sl              F
    45        200                20         3.1125          30            2400.0      30.0


CUSTOMER
CUST NO. XCOORD. YCOORD. DEMAND READY TIME DUE DATE SERVICE TIME TL (°„C) TU (°„C) HL (%) HU (%)
       0      40.0       50.0       0.0          0.0    1236.0        0.0     -4.0     15.0     80.0    100.0
       1      42.0       66.0      10.0         16.0     336.0       90.0      5.0      5.0     90.0     90.0
       2      42.0       68.0      10.0        643.0     866.0       90.0      7.0     10.0     85.0     95.0
       3      42.0       65.0      10.0         15.0     226.0       90.0      0.0      1.0     90.0     95.0
       4      38.0       68.0      20.0        150.0     429.0       90.0      4.0      5.0     85.0     95.0
       5      25.0       85.0      20.0        547.0     826.0       90.0     -1.0      0.0     85.0     90.0
       6      22.0       75.0      30.0         30.0     280.0       90.0     11.0     13.0     85.0     90.0
       7      22.0       85.0      10.0        489.0     698.0       90.0      2.0      4.0     85.0     95.0
       8      20.0       85.0      40.0        394.0     609.0       90.0     -4.0      1.0     85.0     90.0
       9      18.0       75.0      20.0         33.0     226.0       90.0      0.0      2.0     90.0     95.0
      10      15.0       80.0      10.0        176.0     447.0       90.0      0.0      2.0     90.0     95.0
      11      30.0       50.0      10.0         10.0     265.0       90.0      5.0      5.0     90.0     90.0
      12      30.0       52.0      20.0        836.0    1043.0       90.0      3.0      5.0     85.0     90.0
      13      28.0       55.0      10.0        664.0     845.0       90.0      4.0      5.0     85.0     95.0
      14      25.0       50.0      10.0         15.0     333.0       90.0      0.0      0.0     90.0     95.0
      15      25.0       52.0      40.0         88.0     305.0       90.0      0.0      0.0     95.0    100.0
      16       5.0       35.0      10.0        191.0     436.0       90.0      0.0      3.0     85.0     91.0
      17       2.0       40.0      20.0        305.0     512.0       90.0     11.0     13.0     85.0     90.0
      18       0.0       40.0      30.0        414.0     587.0       90.0      4.0      9.0     85.0     90.0
      19      28.0       30.0      10.0        539.0     786.0       90.0      4.0      9.0     85.0     90.0
      20      28.0       35.0      10.0        867.0    1126.0       90.0     -1.0      7.0     80.0     85.0
      21      26.0       32.0      10.0        719.0     976.0       90.0      0.0      3.0     85.0     91.0
      22      25.0       30.0      10.0        635.0     876.0       90.0     -1.0      0.0     90.0     95.0
      23      42.0       10.0      40.0         78.0     365.0       90.0      1.0      5.0     85.0     91.0
      24      40.0        5.0      30.0        308.0     513.0       90.0      0.0      2.0     85.0     90.0
      25      38.0       15.0      10.0        519.0     872.0       90.0      0.0      1.0     80.0     85.0
      26      35.0        5.0      20.0        463.0     728.0       90.0     -2.0      1.0     90.0     95.0
      27      50.0       30.0      10.0        412.0     729.0       90.0     -2.0      1.0     90.0     95.0
      28      48.0       30.0      10.0        539.0     786.0       90.0     -1.0      0.0     90.0     90.0
      29      48.0       40.0      10.0         12.0     223.0       90.0      4.0      5.0     85.0     95.0
      30      47.0       35.0      10.0        753.0     948.0       90.0     -1.0      7.0     80.0     85.0
      31      95.0       35.0      20.0        194.0     459.0       90.0      5.0      5.0     85.0     90.0
      32      53.0       35.0      50.0        263.0     502.0       90.0      5.0      5.0     85.0     90.0
      33      88.0       30.0      10.0        469.0     748.0       90.0     -4.0      1.0     85.0     90.0
      34      88.0       35.0      20.0         50.0     295.0       90.0      0.0      0.0     95.0    100.0
      35      85.0       25.0      10.0        694.0     895.0       90.0     -1.0      0.0     90.0     90.0
      36      68.0       60.0      30.0        470.0     697.0       90.0     11.0     13.0     85.0     90.0
      37      66.0       55.0      10.0         76.0     335.0       90.0      1.0      1.0     95.0     96.0
      38      63.0       58.0      10.0        640.0     899.0       90.0     10.0     10.0     85.0     95.0
      39      60.0       55.0      10.0         20.0     276.0       90.0      1.0      1.0     95.0     96.0
      40      60.0       60.0      10.0        756.0     969.0       90.0      5.0      5.0     90.0     90.0
      41      67.0       85.0      20.0        257.0     552.0       90.0      4.0      9.0     85.0     90.0
      42      65.0       82.0      10.0        209.0     412.0       90.0      2.0      5.0     85.0     90.0
      43      62.0       80.0      30.0        130.0     305.0       90.0      1.0      5.0     85.0     91.0
      44      58.0       75.0      20.0         30.0     248.0       90.0      0.0      2.0     90.0     95.0
      45      55.0       85.0      20.0        530.0     843.0       90.0     10.0     12.0     85.0     95.0
      46      40.0       50.0       0.0          0.0    1236.0        0.0     -4.0     15.0     80.0    100.0
