RANGE
4265.9
NUMBER     CAPACITY      CAPACITY      beta      flight              sl              F
    45        200                20         3.1125          30            2400.0      30.0


CUSTOMER
CUST NO. XCOORD. YCOORD. DEMAND READY TIME DUE DATE SERVICE TIME TL (°„C) TU (°„C) HL (%) HU (%)
       0      40.0       50.0       0.0          0.0    1236.0        0.0     -4.0     15.0     80.0    100.0
       1      45.0       68.0      10.0        890.0     989.0       90.0     10.0     12.0     85.0     95.0
       2      45.0       70.0      30.0        816.0     879.0       90.0      2.0      5.0     85.0     90.0
       3      42.0       68.0      10.0        703.0     806.0       90.0      4.0      6.0     90.0     95.0
       4      42.0       65.0      10.0         15.0      60.0       90.0     -1.0      0.0     90.0     90.0
       5      38.0       68.0      20.0        250.0     329.0       90.0      1.0      1.0     95.0     96.0
       6      35.0       66.0      10.0        361.0     406.0       90.0      8.0     10.0     85.0     95.0
       7      22.0       75.0      30.0         30.0      95.0       90.0      0.0      3.0     85.0     91.0
       8      22.0       85.0      10.0        571.0     616.0       90.0      7.0     10.0     85.0     95.0
       9      28.0       52.0      20.0        806.0     889.0       90.0      4.0      9.0     85.0     90.0
      10      28.0       55.0      10.0        739.0     770.0       90.0      0.0      1.0     90.0     95.0
      11      25.0       52.0      40.0        172.0     221.0       90.0      8.0     10.0     85.0     95.0
      12      23.0       52.0      10.0        264.0     313.0       90.0     11.0     13.0     85.0     90.0
      13      10.0       40.0      30.0         31.0     189.0       90.0      0.0      2.0     85.0     90.0
      14       5.0       45.0      10.0        648.0     733.0       90.0      2.0      4.0     85.0     95.0
      15       0.0       40.0      30.0        474.0     527.0       90.0      2.0      5.0     85.0     90.0
      16       0.0       45.0      20.0        541.0     650.0       90.0      0.0      0.0     90.0     95.0
      17      35.0       30.0      10.0        240.0     345.0       90.0     -1.0      0.0     85.0     90.0
      18      33.0       32.0      20.0         19.0     225.0       90.0     -2.0      1.0     90.0     95.0
      19      33.0       35.0      10.0         16.0     153.0       90.0      5.0      5.0     90.0     90.0
      20      30.0       35.0      10.0        872.0    1127.0       90.0      2.0      5.0     85.0     90.0
      21      28.0       35.0      10.0        917.0    1126.0       90.0      0.0      0.0     95.0    100.0
      22      44.0        5.0      20.0        221.0     412.0       90.0      1.0      5.0     85.0     91.0
      23      42.0       10.0      40.0         96.0     347.0       90.0      0.0      1.0     90.0     95.0
      24      42.0       15.0      10.0         35.0     233.0       90.0      4.0      5.0     85.0     95.0
      25      50.0       30.0      10.0        422.0     719.0       90.0     10.0     10.0     85.0     95.0
      26      48.0       30.0      10.0        567.0     758.0       90.0      5.0      5.0     85.0     90.0
      27      47.0       35.0      10.0        794.0     907.0       90.0      1.0      1.0     95.0     96.0
      28      47.0       40.0      10.0         12.0     226.0       90.0     -4.0      1.0     85.0     90.0
      29      95.0       35.0      20.0        181.0     472.0       90.0      0.0      3.0     85.0     91.0
      30      53.0       30.0      10.0        402.0     553.0       90.0      5.0      5.0     90.0     90.0
      31      92.0       30.0      10.0        345.0     684.0       90.0      0.0      1.0     80.0     85.0
      32      53.0       35.0      50.0        294.0     471.0       90.0     13.0     15.0     85.0     95.0
      33      45.0       65.0      20.0        951.0    1114.0       90.0     -1.0      0.0     85.0     90.0
      34      90.0       35.0      10.0        153.0     310.0       90.0      0.0      2.0     85.0     90.0
      35      88.0       35.0      20.0         50.0     237.0       90.0      1.0      1.0     95.0     96.0
      36      85.0       25.0      10.0        713.0     876.0       90.0      8.0     10.0     85.0     95.0
      37      72.0       55.0      10.0        127.0     476.0       90.0     10.0     10.0     85.0     95.0
      38      68.0       60.0      30.0        476.0     691.0       90.0      2.0      4.0     85.0     95.0
      39      66.0       55.0      10.0         67.0     344.0       90.0      0.0      2.0     85.0     90.0
      40      67.0       85.0      20.0        229.0     580.0       90.0      4.0      6.0     90.0     95.0
      41      65.0       85.0      40.0        442.0     551.0       90.0      2.0      5.0     85.0     90.0
      42      62.0       80.0      30.0        163.0     272.0       90.0     -1.0      7.0     80.0     85.0
      43      58.0       75.0      20.0         30.0     227.0       90.0      5.0      5.0     90.0     90.0
      44      55.0       80.0      10.0        595.0     968.0       90.0     -1.0      0.0     90.0     95.0
      45      55.0       85.0      20.0        493.0     880.0       90.0     11.0     13.0     85.0     90.0
      46      40.0       50.0       0.0          0.0    1236.0        0.0     -4.0     15.0     80.0    100.0
