RANGE
4265.9
NUMBER     CAPACITY      CAPACITY      beta      flight              sl              F
    10        200                20         3.1125          30            2400.0      30.0


CUSTOMER
CUST NO. XCOORD. YCOORD. DEMAND READY TIME DUE DATE SERVICE TIME TL (°„C) TU (°„C) HL (%) HU (%)
       0      40.0       50.0       0.0          0.0     960.0        0.0     -4.0     15.0     80.0    100.0
       1      18.0       75.0      20.0        388.0     508.0       10.0     -1.0      0.0     90.0     90.0
       2      35.0        5.0      20.0        784.0     904.0       10.0      0.0      2.0     85.0     90.0
       3      95.0       30.0      30.0        529.0     649.0       10.0      4.0      9.0     85.0     90.0
       4      95.0       35.0      20.0        146.0     266.0       10.0     -2.0      1.0     90.0     95.0
       5      18.0       80.0      10.0        489.0     609.0       10.0      0.0      2.0     90.0     95.0
       6      25.0       30.0       3.0        175.0     295.0       10.0      8.0     10.0     85.0     95.0
       7      15.0       10.0      20.0        782.0     902.0       10.0      2.0      5.0     85.0     90.0
       8       5.0        5.0      16.0        232.0     352.0       10.0      0.0      1.0     90.0     95.0
       9      37.0       31.0      14.0        105.0     225.0       10.0      2.0      4.0     85.0     95.0
      10      56.0       37.0       6.0        100.0     220.0       10.0     -2.0      1.0     90.0     95.0
      11      40.0       50.0       0.0          0.0     960.0        0.0     -4.0     15.0     80.0    100.0
