RANGE
4265.9
NUMBER     CAPACITY      CAPACITY      beta      flight              sl              F
    10        200                20         3.1125          30            2400.0      30.0


CUSTOMER
CUST NO. XCOORD. YCOORD. DEMAND READY TIME DUE DATE SERVICE TIME TL (°„C) TU (°„C) HL (%) HU (%)
       0      40.0       50.0       0.0          0.0    1236.0        0.0     -4.0     15.0     80.0    100.0
       1      42.0       65.0      10.0         15.0      60.0       90.0     -1.0      0.0     90.0     90.0
       2      22.0       75.0      30.0         30.0      95.0       90.0      0.0      3.0     85.0     91.0
       3      15.0       80.0      10.0        274.0     349.0       90.0      0.0      1.0     80.0     85.0
       4       2.0       40.0      20.0        365.0     452.0       90.0      0.0      0.0     95.0    100.0
       5      28.0       30.0      10.0        599.0     726.0       90.0     13.0     15.0     85.0     95.0
       6      38.0       15.0      10.0        521.0     870.0       90.0      4.0      9.0     85.0     90.0
       7      35.0        5.0      20.0        487.0     704.0       90.0     -1.0      0.0     90.0     95.0
       8      66.0       55.0      10.0         67.0     344.0       90.0      0.0      2.0     85.0     90.0
       9      60.0       55.0      10.0         20.0     293.0       90.0     -1.0      0.0     85.0     90.0
      10      58.0       75.0      20.0         30.0     227.0       90.0      5.0      5.0     90.0     90.0
      11      40.0       50.0       0.0          0.0    1236.0        0.0     -4.0     15.0     80.0    100.0
