RANGE
4265.9
NUMBER     CAPACITY      CAPACITY      beta      flight              sl              F
    10        200                20         3.1125          30            2400.0      30.0


CUSTOMER
CUST NO. XCOORD. YCOORD. DEMAND READY TIME DUE DATE SERVICE TIME TL (°„C) TU (°„C) HL (%) HU (%)
       0      40.0       50.0       0.0          0.0     960.0        0.0     -4.0     15.0     80.0    100.0
       1      22.0       85.0      10.0          0.0     910.0       10.0     -1.0      0.0     85.0     90.0
       2      18.0       75.0      20.0          0.0     916.0       10.0     11.0     13.0     85.0     90.0
       3      90.0       35.0      10.0          0.0     897.0       10.0      4.0      6.0     90.0     95.0
       4      62.0       80.0      30.0        278.0     398.0       10.0     10.0     10.0     85.0     95.0
       5      55.0       80.0      10.0          0.0     916.0       10.0     -1.0      7.0     80.0     85.0
       6      42.0        5.0      10.0          0.0     904.0       10.0      1.0      5.0     85.0     91.0
       7      65.0       35.0       3.0        167.0     287.0       10.0      0.0      0.0     90.0     95.0
       8      41.0       37.0      16.0          0.0     936.0       10.0     10.0     10.0     85.0     95.0
       9      60.0       12.0      31.0        268.0     388.0       10.0      4.0      5.0     85.0     95.0
      10       8.0       56.0      27.0          0.0     917.0       10.0      0.0      0.0     90.0     95.0
      11      40.0       50.0       0.0          0.0     960.0        0.0     -4.0     15.0     80.0    100.0
