RANGE
4265.9
NUMBER     CAPACITY      CAPACITY      beta      flight              sl              F
    10        200                20         3.1125          30            2400.0      30.0


CUSTOMER
CUST NO. XCOORD. YCOORD. DEMAND READY TIME DUE DATE SERVICE TIME TL (°„C) TU (°„C) HL (%) HU (%)
       0      35.0       35.0       0.0          0.0     230.0        0.0     -4.0     15.0     80.0    100.0
       1      31.0       52.0      27.0          0.0     202.0       10.0     -1.0      0.0     90.0     95.0
       2      63.0       65.0       8.0        133.0     163.0       10.0      0.0      0.0     90.0     95.0
       3      47.0       47.0      13.0          0.0     203.0       10.0      2.0      5.0     85.0     90.0
       4      57.0       29.0      18.0        130.0     160.0       10.0     10.0     10.0     85.0     95.0
       5      27.0       69.0      10.0         34.0      64.0       10.0      0.0      3.0     85.0     91.0
       6      56.0       39.0      36.0        132.0     162.0       10.0      5.0      5.0     90.0     90.0
       7      46.0       13.0       8.0        139.0     169.0       10.0     10.0     10.0     85.0     95.0
       8      31.0       67.0       3.0         85.0     115.0       10.0     13.0     15.0     85.0     95.0
       9      25.0       21.0      12.0        123.0     153.0       10.0      5.0      5.0     90.0     90.0
      10      18.0       18.0      17.0        165.0     195.0       10.0      0.0      2.0     85.0     90.0
      11      35.0       35.0       0.0          0.0     230.0        0.0     -4.0     15.0     80.0    100.0
