RANGE
4265.9
NUMBER     CAPACITY      CAPACITY      beta      flight              sl              F
    10        200                20         3.1125          30            2400.0      30.0


CUSTOMER
CUST NO. XCOORD. YCOORD. DEMAND READY TIME DUE DATE SERVICE TIME TL (°„C) TU (°„C) HL (%) HU (%)
       0      40.0       50.0       0.0          0.0    1236.0        0.0     -4.0     15.0     80.0    100.0
       1      42.0       68.0      10.0        643.0     866.0       90.0      7.0     10.0     85.0     95.0
       2      20.0       80.0      40.0        318.0     495.0       90.0     -2.0      1.0     90.0     95.0
       3      28.0       55.0      10.0        664.0     845.0       90.0      4.0      5.0     85.0     95.0
       4      20.0       50.0      10.0        288.0     475.0       90.0     -1.0      0.0     85.0     90.0
       5       0.0       40.0      30.0        414.0     587.0       90.0      4.0      9.0     85.0     90.0
       6      28.0       35.0      10.0        867.0    1126.0       90.0     -1.0      7.0     80.0     85.0
       7      44.0        5.0      20.0        193.0     440.0       90.0      0.0      2.0     90.0     95.0
       8      47.0       40.0      10.0         12.0     275.0       90.0      0.0      2.0     90.0     95.0
       9      95.0       30.0      30.0        284.0     559.0       90.0      2.0      5.0     85.0     90.0
      10      60.0       55.0      10.0         20.0     276.0       90.0      1.0      1.0     95.0     96.0
      11      40.0       50.0       0.0          0.0    1236.0        0.0     -4.0     15.0     80.0    100.0
