RANGE
4265.9
NUMBER     CAPACITY      CAPACITY      beta      flight              sl              F
    10        200                20         3.1125          30            2400.0      30.0


CUSTOMER
CUST NO. XCOORD. YCOORD. DEMAND READY TIME DUE DATE SERVICE TIME TL (°„C) TU (°„C) HL (%) HU (%)
       0      40.0       50.0       0.0          0.0    3390.0        0.0     -4.0     15.0     80.0    100.0
       1      16.0       42.0      20.0          0.0    3274.0       90.0      0.0      0.0     90.0     95.0
       2      35.0       66.0      10.0          0.0    3283.0       90.0      4.0      6.0     90.0     95.0
       3      30.0       50.0      10.0          0.0    3290.0       90.0      1.0      1.0     95.0     96.0
       4      20.0       55.0      10.0          0.0    3279.0       90.0      1.0      5.0     85.0     91.0
       5      25.0       35.0      10.0          0.0    3278.0       90.0     13.0     14.0     90.0     95.0
       6      47.0       40.0      10.0         12.0     172.0       90.0      2.0      4.0     85.0     95.0
       7      45.0       35.0      10.0        680.0     840.0       90.0      4.0      5.0     85.0     95.0
       8      45.0       65.0      20.0          0.0    3284.0       90.0      4.0      6.0     90.0     95.0
       9      90.0       35.0      10.0       2131.0    2291.0       90.0     10.0     10.0     85.0     95.0
      10      75.0       55.0      20.0          0.0    3264.0       90.0      0.0      2.0     85.0     90.0
      11      40.0       50.0       0.0          0.0    3390.0        0.0     -4.0     15.0     80.0    100.0
