RANGE
4265.9
NUMBER     CAPACITY      CAPACITY      beta      flight              sl              F
    10        200                20         3.1125          30            2400.0      30.0


CUSTOMER
CUST NO. XCOORD. YCOORD. DEMAND READY TIME DUE DATE SERVICE TIME TL (°„C) TU (°„C) HL (%) HU (%)
       0      40.0       50.0       0.0          0.0     240.0        0.0     -4.0     15.0     80.0    100.0
       1       8.0       40.0      40.0         33.0     152.0       10.0     -2.0      1.0     90.0     95.0
       2       8.0       45.0      20.0         49.0     108.0       10.0      7.0     10.0     85.0     95.0
       3      42.0       15.0      10.0        111.0     162.0       10.0      2.0      4.0     85.0     95.0
       4      38.0       15.0      10.0        128.0     194.0       10.0      0.0      0.0     90.0     95.0
       5      95.0       30.0      30.0        105.0     154.0       10.0     -4.0      1.0     85.0     90.0
       6      60.0       80.0      10.0         36.0     191.0       10.0     11.0     13.0     85.0     90.0
       7      18.0       80.0      10.0         98.0     157.0       10.0      0.0      0.0     95.0    100.0
       8      61.0       52.0       3.0         69.0     208.0       10.0     13.0     14.0     90.0     95.0
       9      56.0       37.0       6.0         20.0      84.0       10.0      0.0      1.0     90.0     95.0
      10      55.0       54.0      26.0        121.0     172.0       10.0      0.0      3.0     85.0     91.0
      11      40.0       50.0       0.0          0.0     240.0        0.0     -4.0     15.0     80.0    100.0
