RANGE
4265.9
NUMBER     CAPACITY      CAPACITY      beta      flight              sl              F
    10        200                20         3.1125          30            2400.0      30.0


CUSTOMER
CUST NO. XCOORD. YCOORD. DEMAND READY TIME DUE DATE SERVICE TIME TL (°„C) TU (°„C) HL (%) HU (%)
       0      40.0       50.0       0.0          0.0     240.0        0.0     -4.0     15.0     80.0    100.0
       1      22.0       75.0      30.0          0.0     199.0       10.0      4.0      6.0     90.0     95.0
       2      60.0       80.0      10.0         37.0      67.0       10.0      0.0      0.0     95.0    100.0
       3      55.0       60.0      16.0        139.0     169.0       10.0      5.0      5.0     90.0     90.0
       4      45.0       65.0       9.0         66.0      96.0       10.0     -1.0      0.0     85.0     90.0
       5      64.0       42.0       9.0         70.0     100.0       10.0      8.0     10.0     85.0     95.0
       6      35.0       69.0      23.0        180.0     210.0       10.0     -4.0      1.0     85.0     90.0
       7      63.0       65.0       8.0          0.0     202.0       10.0     13.0     15.0     85.0     95.0
       8      57.0       29.0      18.0         96.0     126.0       10.0      4.0      6.0     90.0     95.0
       9      49.0       42.0      13.0          0.0     217.0       10.0      8.0     10.0     85.0     95.0
      10      26.0       35.0      15.0         77.0     107.0       10.0     -1.0      0.0     90.0     90.0
      11      40.0       50.0       0.0          0.0     240.0        0.0     -4.0     15.0     80.0    100.0
