RANGE
4265.95
NUMBER     CAPACITY      CAPACITY      beta      flight              sl              F
5     200                20                3.1125               30            2400              30


CUSTOMER
CUST NO.  XCOORD.   YCOORD.    DEMAND   READY TIME  DUE DATE   SERVICE   TIME   TL (°C)   TU (°C)   HL (%)   HU (%)   LAUNCH TIME
   0      35         35             0           0        1000          0           -4         15         80         100       
   1      41         49            10         636         919         10           13         14         90          95       
   2      35         17             7          74         351         10           10         10         85          95       
   3      55         45            13         498         613         10            5          5         90          90       
   4      55         20            19         470         965         10            5          5         85          90       
   5      15         30            26          20         370         10           -2          1         90          95       
   6      25         30             3         266         663         10           -1          0         85          90       
   7      20         50             5         292         449         10           -1          7         80          85       
   8      10         43             9         288         597         10            5          5         85          90       
   9      55         60            16         254         643         10            7         10         85          95       
  10      30         60            16         496         713         10            0          1         90          95       
  11      20         65            12          33         510         10            2          5         85          90       
  12      50         35            19         170         403         10            2          5         85          90       
  13      30         25            23         426         978         10            4          9         85          90       
  14      15         10            20          32         454         10            5          5         85          90       
  15      30          5             8          30         529         10            5          5         90          90       
  16      10         20            19         222         423         10            2          4         85          95       
  17       5         30             2         409         959         10            8         10         85          95       
  18      20         40            12         349         462         10           11         13         85          90       
  19      15         60            17         215         432         10           -1          0         90          95       
  20      45         65             9         538         709         10           -1          7         80          85       
  21      45         20            11         156         389         10           10         12         85          95       
  22      45         10            18         280         623         10            4          9         85          90       
  23      55          5            29          36         513         10            0          2         85          90       
  24      65         35             3         633         918         10           10         10         85          95       
  25      65         20             6         400         956         10            4          6         90          95       
  26      45         30            17         548         707         10           -1          0         85          90       
  27      35         40            16           5         612         10           -1          0         90          95       
  28      41         37            16          44         325         10           -1          0         90          95       
  29      64         42             9         129         374         10            0          1         90          95       
  30      40         60            21         115         498         10           13         15         85          95       
  31      31         52            27          91         336         10            5          5         85          90       
  32      35         69            23         602         835         10           -4          1         85          90       
  33      53         52            11          24         646         10           -1          0         90          90       
  34      65         55            14         487         656         10            3          5         85          90       
  35      63         65             8         439         948         10           10         12         85          95       
  36       2         60             5          41         710         10            0          1         80          85       
  37      20         20             8         563         736         10           13         15         85          95       
  38       5          5            16         147         560         10           -2          1         90          95       
  39      60         12            31          33         797         10           11         13         85          90       
  40      40         25             9         243         554         10            1          1         95          96       
  41      42          7             5         225         682         10            4          6         90          95       
  42      24         12             5          25         616         10            7         10         85          95       
  43      23          3             7         578         747         10           11         13         85          90       
  44      11         14            18          72         501         10            0          1         80          85       
  45       6         38            16          29         669         10            2          5         85          90       
  46       2         48             1         458         685         10            4          6         90          95       
  47       8         56            27          34         362         10           -4          1         85          90       
  48      13         52            36         694         962         10            4          5         85          95       
  49       6         68            30         444         597         10           11         13         85          90       
  50      47         47            13         499         690         10            1          1         95          96       
  51      49         58            10         296         505         10           -4          1         85          90       
  52      27         43             9         111         362         10           13         15         85          95       
  53      37         31            14         301         602         10           10         12         85          95       
  54      57         29            18         595         780         10           -1          7         80          85       
  55      63         23             2         442         917         10            7         10         85          95       
  56      53         12             6         426         851         10            0          2         85          90       
  57      32         12             7         366         585         10           11         13         85          90       
  58      36         26            18         458         980         10           -2          1         90          95       
  59      21         24            28          17         441         10            0          3         85          91       
  60      17         34             3         651         932         10            5          5         85          90       
  61      12         24            13         246         421         10            4          5         85          95       
  62      24         58            19          25         583         10            1          1         95          96       
  63      27         69            10          34         348         10            0          1         80          85       
  64      15         77             9          46         523         10           -1          0         90          90       
  65      62         77            20          49         608         10            7         10         85          95       
  66      49         73            25         440         845         10           13         15         85          95       
  67      67          5            25         132         563         10            2          5         85          90       
  68      56         39            36         464         925         10            2          5         85          90       
  69      37         47             6          12         535         10            4          6         90          95       
  70      37         56             5         249         968         10            0          0         95         100       
  71      57         68            15         218         417         10            5          5         90          90       
  72      47         16            25          22         377         10            1          5         85          91       
  73      44         17             9         263         444         10            0          0         90          95       
  74      46         13             8         479         965         10           -1          7         80          85       
  75      49         11            18         182         399         10           10         10         85          95       
  76      49         42            13         166         497         10            0          1         80          85       
  77      53         43            14         430         970         10            5          5         85          90       
  78      61         52             3         212         671         10            4          6         90          95       
  79      57         48            23         273         580         10            8         10         85          95       
  80      56         37             6         452         968         10            5          5         85          90       
  81      55         54            26         388         479         10            5          5         85          90       
  82      15         47            16          99         352         10            1          5         85          91       
  83      14         37            11          21         328         10           -1          0         85          90       
  84      11         31             7         323         624         10           11         13         85          90       
  85      16         22            41         333         504         10           -4          1         85          90       
  86       4         18            35         350         503         10            0          0         95         100       
  87      28         18            26         380         487         10           13         15         85          95       
  88      26         52             9         114         553         10            4          6         90          95       
  89      26         35            15         649         981         10           -4          1         85          90       
  90      31         67             3         345         534         10            5          5         85          90       
  91      15         19             1         675         930         10            0          2         90          95       
  92      22         22             2          18         673         10            2          5         85          90       
  93      18         24            22         339         969         10           -2          1         90          95       
  94      26         27            27         403         536         10            0          3         85          91       
  95      25         24            20          22         301         10           -1          0         85          90       
  96      22         27            11         565         732         10           -4          1         85          90       
  97      25         21            12         582         703         10            7         10         85          95       
  98      19         21            10         122         367         10            0          1         90          95       
  99      20         26             9         185         580         10            8         10         85          95       
 100      18         18            17         297         965         10            1          5         85          91       
