RANGE
4265.95
NUMBER     CAPACITY      CAPACITY      beta      flight              sl              F
5     200                20                3.1125               30            2400              30


CUSTOMER
CUST NO.  XCOORD.   YCOORD.    DEMAND   READY TIME  DUE DATE   SERVICE   TIME   TL (°C)   TU (°C)   HL (%)   HU (%)   LAUNCH TIME
   0      35         35             0           0        1000          0           -4         15         80         100       
   1      41         49            10           0         974         10            1          5         85          91       
   2      35         17             7           0         972         10           -2          1         90          95       
   3      55         45            13           0         967         10            4          9         85          90       
   4      55         20            19         678         801         10            8         10         85          95       
   5      15         30            26           0         969         10            2          5         85          90       
   6      25         30             3         415         514         10           11         13         85          90       
   7      20         50             5           0         968         10            0          0         95         100       
   8      10         43             9         404         481         10            2          4         85          95       
   9      55         60            16         400         497         10           -1          0         90          90       
  10      30         60            16         577         632         10            2          4         85          95       
  11      20         65            12         206         325         10            0          2         90          95       
  12      50         35            19           0         975         10           10         10         85          95       
  13      30         25            23         690         827         10           -1          0         85          90       
  14      15         10            20           0         957         10            0          0         90          95       
  15      30          5             8         175         300         10            0          1         80          85       
  16      10         20            19           0         960         10            3          5         85          90       
  17       5         30             2         733         870         10            5          5         85          90       
  18      20         40            12           0         974         10            0          0         90          95       
  19      15         60            17           0         957         10            2          4         85          95       
  20      45         65             9           0         958         10            0          2         85          90       
  21      45         20            11           0         971         10            4          6         90          95       
  22      45         10            18         409         494         10            7         10         85          95       
  23      55          5            29         206         325         10           13         14         90          95       
  24      65         35             3           0         960         10            0          2         90          95       
  25      65         20             6         817         956         10           -2          1         90          95       
  26      45         30            17           0         978         10            3          5         85          90       
  27      35         40            16         104         255         10           13         15         85          95       
  28      41         37            16           0         983         10            5          5         85          90       
  29      64         42             9           0         960         10            5          5         85          90       
  30      40         60            21         259         354         10            4          5         85          95       
  31      31         52            27           0         972         10           -1          7         80          85       
  32      35         69            23           0         956         10            0          1         90          95       
  33      53         52            11          45         200         10            1          5         85          91       
  34      65         55            14           0         953         10            3          5         85          90       
  35      63         65             8         686         813         10            8         10         85          95       
  36       2         60             5          41         208         10           10         10         85          95       
  37      20         20             8           0         968         10           -1          7         80          85       
  38       5          5            16         302         405         10            5          5         90          90       
  39      60         12            31          33         224         10            2          5         85          90       
  40      40         25             9         360         437         10            8         10         85          95       
  41      42          7             5         396         511         10            0          1         90          95       
  42      24         12             5          25         172         10            2          5         85          90       
  43      23          3             7           0         955         10            0          2         85          90       
  44      11         14            18         233         340         10            4          6         90          95       
  45       6         38            16          29         189         10           10         10         85          95       
  46       2         48             1           0         954         10           -2          1         90          95       
  47       8         56            27           0         955         10            0          1         90          95       
  48      13         52            36           0         962         10            3          5         85          90       
  49       6         68            30         501         540         10            2          5         85          90       
  50      47         47            13           0         973         10            0          1         90          95       
  51      49         58            10           0         963         10            4          6         90          95       
  52      27         43             9           0         978         10           -4          1         85          90       
  53      37         31            14         414         489         10            4          6         90          95       
  54      57         29            18           0         967         10           -2          1         90          95       
  55      63         23             2         620         739         10            3          5         85          90       
  56      53         12             6         585         692         10            4          9         85          90       
  57      32         12             7           0         966         10           13         15         85          95       
  58      36         26            18         849         980         10            0          0         95         100       
  59      21         24            28           0         972         10            0          0         90          95       
  60      17         34             3           0         971         10           -2          1         90          95       
  61      12         24            13           0         964         10           10         12         85          95       
  62      24         58            19         163         302         10           -4          1         85          90       
  63      27         69            10           0         955         10           11         13         85          90       
  64      15         77             9         214         333         10            0          0         95         100       
  65      62         77            20          49         188         10            1          5         85          91       
  66      49         73            25         592         693         10           10         12         85          95       
  67      67          5            25         294         401         10            8         10         85          95       
  68      56         39            36         637         752         10           -1          0         85          90       
  69      37         47             6         162         293         10            0          2         85          90       
  70      37         56             5         788         968         10            8         10         85          95       
  71      57         68            15           0         950         10            4          5         85          95       
  72      47         16            25           0         967         10            8         10         85          95       
  73      44         17             9           0         969         10           -2          1         90          95       
  74      46         13             8         681         802         10            0          3         85          91       
  75      49         11            18           0         962         10            3          5         85          90       
  76      49         42            13         290         373         10            0          1         90          95       
  77      53         43            14         817         952         10           -1          7         80          85       
  78      61         52             3         384         499         10            0          3         85          91       
  79      57         48            23         388         465         10           11         13         85          90       
  80      56         37             6         839         968         10            7         10         85          95       
  81      55         54            26           0         962         10            5          5         85          90       
  82      15         47            16           0         966         10           10         10         85          95       
  83      14         37            11           0         968         10           -2          1         90          95       
  84      11         31             7         436         511         10           13         14         90          95       
  85      16         22            41           0         966         10            0          0         95         100       
  86       4         18            35           0         954         10            1          5         85          91       
  87      28         18            26         420         447         10           13         15         85          95       
  88      26         52             9         279         388         10            8         10         85          95       
  89      26         35            15           0         981         10            0          2         85          90       
  90      31         67             3           0         957         10            4          6         90          95       
  91      15         19             1           0         964         10           -1          0         90          95       
  92      22         22             2          18         181         10           -4          1         85          90       
  93      18         24            22         811         969         10            1          5         85          91       
  94      26         27            27           0         977         10            0          0         90          95       
  95      25         24            20           0         975         10           13         15         85          95       
  96      22         27            11           0         974         10           11         13         85          90       
  97      25         21            12           0         972         10            1          1         95          96       
  98      19         21            10           0         968         10           10         10         85          95       
  99      20         26             9         333         432         10           13         14         90          95       
 100      18         18            17         798         965         10           10         10         85          95       
