RANGE
4265.95
NUMBER     CAPACITY      CAPACITY      beta      flight              sl              F
5     200                20                3.1125               30            2400              30


CUSTOMER
CUST NO.  XCOORD.   YCOORD.    DEMAND   READY TIME  DUE DATE   SERVICE   TIME   TL (°C)   TU (°C)   HL (%)   HU (%)   LAUNCH TIME
   0      35         35             0           0        1000          0           -4         15         80         100       
   1      41         49            10         451         974         10           -1          7         80          85       
   2      35         17             7          18         534         10           -2          1         90          95       
   3      55         45            13         378         733         10            0          2         90          95       
   4      55         20            19         477         965         10            4          9         85          90       
   5      15         30            26          20         610         10           10         12         85          95       
   6      25         30             3         245         684         10            5          5         90          90       
   7      20         50             5         172         569         10            5          5         90          90       
   8      10         43             9         245         640         10            2          4         85          95       
   9      55         60            16         231         666         10            4          5         85          95       
  10      30         60            16         430         779         10           -1          7         80          85       
  11      20         65            12          33         511         10           10         12         85          95       
  12      50         35            19          50         523         10            2          5         85          90       
  13      30         25            23         462         978         10            0          2         90          95       
  14      15         10            20          32         694         10           -1          0         90          95       
  15      30          5             8          30         519         10           10         10         85          95       
  16      10         20            19         102         543         10            1          1         95          96       
  17       5         30             2         444         959         10           -1          0         85          90       
  18      20         40            12         229         582         10            4          9         85          90       
  19      15         60            17          95         552         10            0          1         80          85       
  20      45         65             9         418         829         10            0          3         85          91       
  21      45         20            11          36         509         10           -1          0         90          90       
  22      45         10            18         246         657         10           -1          7         80          85       
  23      55          5            29          36         514         10            4          6         90          95       
  24      65         35             3         435         960         10            2          5         85          90       
  25      65         20             6         438         956         10            0          1         80          85       
  26      45         30            17         428         827         10            3          5         85          90       
  27      35         40            16           5         548         10            0          2         85          90       
  28      41         37            16           6         526         10           11         13         85          90       
  29      64         42             9          29         513         10           -4          1         85          90       
  30      40         60            21          91         522         10            0          0         95         100       
  31      31         52            27          17         501         10            0          1         90          95       
  32      35         69            23         482         955         10            5          5         90          90       
  33      53         52            11          24         575         10            2          4         85          95       
  34      65         55            14         367         776         10           -4          1         85          90       
  35      63         65             8         453         948         10           -2          1         90          95       
  36       2         60             5          41         615         10           11         13         85          90       
  37      20         20             8         443         856         10           -1          0         85          90       
  38       5          5            16         130         577         10            3          5         85          90       
  39      60         12            31          33         655         10            1          1         95          96       
  40      40         25             9         201         596         10           10         12         85          95       
  41      42          7             5         219         688         10           -1          0         90          95       
  42      24         12             5          25         560         10           -1          0         85          90       
  43      23          3             7         458         867         10           -4          1         85          90       
  44      11         14            18          59         514         10           -2          1         90          95       
  45       6         38            16          29         589         10           10         10         85          95       
  46       2         48             1         338         805         10           -1          7         80          85       
  47       8         56            27          34         602         10            0          1         90          95       
  48      13         52            36         454         962         10            4          6         90          95       
  49       6         68            30         362         679         10           -1          0         90          90       
  50      47         47            13         379         810         10            0          3         85          91       
  51      49         58            10         176         625         10            0          0         95         100       
  52      27         43             9          11         502         10            4          9         85          90       
  53      37         31            14         256         647         10            5          5         85          90       
  54      57         29            18         475         900         10            7         10         85          95       
  55      63         23             2         441         918         10            0          1         80          85       
  56      53         12             6         412         865         10            5          5         85          90       
  57      32         12             7         246         705         10            0          3         85          91       
  58      36         26            18         479         980         10            0          1         80          85       
  59      21         24            28          17         681         10            7         10         85          95       
  60      17         34             3         449         971         10            8         10         85          95       
  61      12         24            13         126         541         10           11         13         85          90       
  62      24         58            19          25         544         10            2          4         85          95       
  63      27         69            10          34         588         10            5          5         85          90       
  64      15         77             9          46         524         10            0          2         85          90       
  65      62         77            20          49         568         10           10         10         85          95       
  66      49         73            25         421         864         10           10         12         85          95       
  67      67          5            25         120         575         10            0          2         85          90       
  68      56         39            36         459         930         10           -4          1         85          90       
  69      37         47             6          12         513         10            0          3         85          91       
  70      37         56             5         368         968         10            8         10         85          95       
  71      57         68            15          98         537         10            3          5         85          90       
  72      47         16            25          22         617         10            1          5         85          91       
  73      44         17             9         143         564         10           13         15         85          95       
  74      46         13             8         482         965         10            3          5         85          90       
  75      49         11            18          62         519         10            4          5         85          95       
  76      49         42            13         129         534         10            5          5         90          90       
  77      53         43            14         460         970         10            0          0         90          95       
  78      61         52             3         207         676         10           -2          1         90          95       
  79      57         48            23         230         623         10            1          1         95          96       
  80      56         37             6         470         968         10            4          5         85          95       
  81      55         54            26         268         599         10            8         10         85          95       
  82      15         47            16          23         515         10            3          5         85          90       
  83      14         37            11          21         568         10           -1          0         90          90       
  84      11         31             7         278         669         10           -4          1         85          90       
  85      16         22            41         213         624         10           10         12         85          95       
  86       4         18            35         230         623         10           -1          7         80          85       
  87      28         18            26         287         580         10           -4          1         85          90       
  88      26         52             9         104         563         10           10         12         85          95       
  89      26         35            15         409         981         10           -1          0         90          90       
  90      31         67             3         225         654         10           -2          1         90          95       
  91      15         19             1         469         964         10           -4          1         85          90       
  92      22         22             2          18         585         10           -1          0         85          90       
  93      18         24            22         414         969         10            4          9         85          90       
  94      26         27            27         283         656         10            4          6         90          95       
  95      25         24            20          14         533         10            4          9         85          90       
  96      22         27            11         445         852         10            4          6         90          95       
  97      25         21            12         462         823         10            0          2         85          90       
  98      19         21            10          21         506         10            8         10         85          95       
  99      20         26             9         164         601         10            0          3         85          91       
 100      18         18            17         391         965         10            0          2         85          90       
