RANGE
4265.95
NUMBER     CAPACITY      CAPACITY      beta      flight              sl              F
5     200                20                3.1125               30            2400              30


CUSTOMER
CUST NO.  XCOORD.   YCOORD.    DEMAND   READY TIME  DUE DATE   SERVICE   TIME   TL (°C)   TU (°C)   HL (%)   HU (%)   LAUNCH TIME
   0      35         35             0           0        1000          0           -4         15         80         100       
   1      41         49            10         658         898         10            8         10         85          95       
   2      35         17             7          93         333         10            5          5         85          90       
   3      55         45            13         436         676         10            0          0         90          95       
   4      55         20            19         620         860         10            8         10         85          95       
   5      15         30            26          20         260         10           10         12         85          95       
   6      25         30             3         345         585         10           -2          1         90          95       
   7      20         50             5         251         491         10            0          0         90          95       
   8      10         43             9         323         563         10            1          5         85          91       
   9      55         60            16         329         569         10            2          4         85          95       
  10      30         60            16         485         725         10            0          1         90          95       
  11      20         65            12         146         386         10            0          2         85          90       
  12      50         35            19         167         407         10            3          5         85          90       
  13      30         25            23         639         879         10            4          5         85          95       
  14      15         10            20          32         272         10            0          2         90          95       
  15      30          5             8         118         358         10            1          1         95          96       
  16      10         20            19         203         443         10            0          2         90          95       
  17       5         30             2         682         922         10            2          5         85          90       
  18      20         40            12         286         526         10            4          9         85          90       
  19      15         60            17         204         444         10           -1          0         85          90       
  20      45         65             9         504         744         10            1          1         95          96       
  21      45         20            11         153         393         10           -1          0         85          90       
  22      45         10            18         332         572         10           -1          0         85          90       
  23      55          5            29         146         386         10           -4          1         85          90       
  24      65         35             3         656         896         10            5          5         90          90       
  25      65         20             6         716         956         10            0          0         95         100       
  26      45         30            17         508         748         10           -1          0         90          95       
  27      35         40            16          60         300         10           -1          0         85          90       
  28      41         37            16          65         305         10            0          3         85          91       
  29      64         42             9         132         372         10            0          0         95         100       
  30      40         60            21         187         427         10           -1          7         80          85       
  31      31         52            27          94         334         10            2          4         85          95       
  32      35         69            23         599         839         10            4          6         90          95       
  33      53         52            11          24         264         10            0          1         80          85       
  34      65         55            14         452         692         10            4          5         85          95       
  35      63         65             8         630         870         10            3          5         85          90       
  36       2         60             5          41         281         10           -4          1         85          90       
  37      20         20             8         530         770         10           10         12         85          95       
  38       5          5            16         234         474         10            4          5         85          95       
  39      60         12            31          33         273         10           11         13         85          90       
  40      40         25             9         279         519         10           -1          0         85          90       
  41      42          7             5         334         574         10            7         10         85          95       
  42      24         12             5          25         265         10           -4          1         85          90       
  43      23          3             7         543         783         10            0          2         90          95       
  44      11         14            18         167         407         10            4          5         85          95       
  45       6         38            16          29         269         10           -1          0         90          95       
  46       2         48             1         452         692         10            5          5         85          90       
  47       8         56            27          48         288         10           -1          0         85          90       
  48      13         52            36         720         960         10            2          4         85          95       
  49       6         68            30         401         641         10           13         15         85          95       
  50      47         47            13         475         715         10            0          3         85          91       
  51      49         58            10         281         521         10           11         13         85          90       
  52      27         43             9         117         357         10            4          5         85          95       
  53      37         31            14         332         572         10            5          5         90          90       
  54      57         29            18         568         808         10            0          2         85          90       
  55      63         23             2         560         800         10            0          1         80          85       
  56      53         12             6         519         759         10            0          1         90          95       
  57      32         12             7         356         596         10            2          5         85          90       
  58      36         26            18         740         980         10            3          5         85          90       
  59      21         24            28          17         257         10            4          9         85          90       
  60      17         34             3         672         912         10           13         15         85          95       
  61      12         24            13         214         454         10            0          1         90          95       
  62      24         58            19         113         353         10           13         14         90          95       
  63      27         69            10          34         274         10            0          2         90          95       
  64      15         77             9         154         394         10            4          6         90          95       
  65      62         77            20          49         289         10           11         13         85          90       
  66      49         73            25         523         763         10            4          5         85          95       
  67      67          5            25         228         468         10            5          5         85          90       
  68      56         39            36         575         815         10            4          6         90          95       
  69      37         47             6         108         348         10           -2          1         90          95       
  70      37         56             5         728         968         10            4          6         90          95       
  71      57         68            15         198         438         10            5          5         90          90       
  72      47         16            25          22         262         10           -1          0         90          90       
  73      44         17             9         234         474         10            0          0         95         100       
  74      46         13             8         622         862         10            4          9         85          90       
  75      49         11            18         171         411         10           13         15         85          95       
  76      49         42            13         212         452         10           -1          0         90          95       
  77      53         43            14         730         970         10            0          0         90          95       
  78      61         52             3         322         562         10           13         14         90          95       
  79      57         48            23         307         547         10            4          5         85          95       
  80      56         37             6         728         968         10            5          5         85          90       
  81      55         54            26         314         554         10            2          5         85          90       
  82      15         47            16         106         346         10           13         14         90          95       
  83      14         37            11          53         293         10            5          5         85          90       
  84      11         31             7         354         594         10           13         15         85          95       
  85      16         22            41         299         539         10           13         14         90          95       
  86       4         18            35         307         547         10            2          4         85          95       
  87      28         18            26         314         554         10            0          1         90          95       
  88      26         52             9         214         454         10           10         12         85          95       
  89      26         35            15         718         958         10            0          1         90          95       
  90      31         67             3         320         560         10           -1          7         80          85       
  91      15         19             1         683         923         10           -4          1         85          90       
  92      22         22             2          18         258         10            4          6         90          95       
  93      18         24            22         729         969         10            7         10         85          95       
  94      26         27            27         350         590         10            0          2         90          95       
  95      25         24            20          42         282         10            0          3         85          91       
  96      22         27            11         529         769         10            2          4         85          95       
  97      25         21            12         523         763         10           -1          0         90          95       
  98      19         21            10         125         365         10            8         10         85          95       
  99      20         26             9         263         503         10           -1          0         90          90       
 100      18         18            17         725         965         10           -4          1         85          90       
